barcode	total_reads	uniquely_mapped_reads	secondary_alignments	supplementary_alignments	umis	fraction_mitochondrial
TGAGGAGCATCGATGT	43707	39785	5930	0	23130	0.07213774035440493
CATTGTTTCTCGTCGT	92252	82477	15211	0	50131	0.044763994810674494
GGGATGAAGATTGACA	90204	82811	9866	0	39206	0.09664175049208439
TATTGGGAGTTAACGA	843	725	390	0	414	0.016551724137931035
ACAGGGACACGTCATA	101797	93719	11066	0	51179	0.0458071468965738
ATGGGAGTCGCCGAGT	118031	106422	20063	0	59841	0.06738268403149725
GAGTTGTAGCTGTGCC	33999	31258	3522	0	14242	0.20794676562799924
TGAGCGCAGTCCCGGT	70943	64404	7913	0	31752	0.2649524874231414
CTGCCATGTTTGACAC	117660	104771	24525	0	61081	0.07884815454658255
ATCCGTCGTCCAAAGG	31655	27909	10078	0	16584	0.07248557812891898
TTTAGTCGTTAGGCCC	54130	49523	8000	0	27885	0.07083577327706318
CGCATAAGTGCCGAAA	46414	42048	6929	0	22748	0.10813831811263318
GGTTGTATCGAACCAT	998	815	698	0	437	0.026993865030674847
GTGCAGCAGCTTCGTA	51944	48540	6239	0	26424	0.0754017305315204
CGGAATTCACAAATCC	64231	57466	8732	0	31163	0.1080116938711586
ACGGTTAGTCTTTCTA	31176	28417	4320	0	16099	0.09867332934511032
CGGAATTCACTCTAGA	1040	837	903	0	462	0.022700119474313024
CTAGGTAGTCAAACGG	49625	44487	8508	0	25243	0.058533953739294625
TCCTTTCAGACGACGT	32485	28605	6951	0	16723	0.11144904736934103
TGCTCGTAGTAAACTG	52721	48589	7006	0	26624	0.08802403836259236
ATATCCTCATGTCGTA	55038	50197	6471	0	29396	0.06042193756599
CATGCGGGTACGAGTG	45449	40425	5604	0	18448	0.5266542980828696
CAATGACTCGGCACTG	129825	118942	13945	0	62021	0.07621361672075465
GATCCCTAGGGCTTCC	144305	133506	14795	0	72181	0.04421524126256498
TCAAGACGTACGCTAT	98885	89903	12966	0	49470	0.05657208324527546
CTCCCTCTCACCACAA	75517	68028	12287	0	40180	0.054492267889692476
CGAGGCTAGATAACAC	65117	60361	7263	0	32087	0.03787213598184258
GTCGCGAGTGAGGAAA	22710	20680	3334	0	12530	0.041199226305609286
ATTTACCCAATAGTGA	477	383	355	0	201	0.044386422976501305
GGATCTATCGATACTG	42537	38641	6343	0	21245	0.04694495484071323
TAAGTCGTCGCGTCGA	29405	26274	4979	0	17565	0.0849509020324275
GTTCTATAGTTGTAAG	66989	59780	10040	0	37256	0.011592505854800936
CCACCATCAGTAGATA	56432	50675	9023	0	27592	0.12757770103601382
CATAAGCAGGGTTGCA	14880	13274	2261	0	5872	0.3417206569233087
CTGCATCTCGGCCTTT	52191	46966	8688	0	26578	0.08785078567474343
CCACGTTGTTCTATCT	1245	1067	672	0	545	0.023430178069353328
TCCCATGAGAGTGTTA	40699	37434	4881	0	21513	0.09210877811615109
CCTCCAAGTGAAAGTT	62395	56776	8543	0	31165	0.042870226856418205
ATCGGATGTCCATACA	74782	65982	13595	0	38075	0.08065836137128307
TCAGTGATCAGCGCAC	106916	98266	19153	0	54392	0.04070583925264079
AGGGTTTCATGGAAGC	34169	31508	4077	0	18115	0.06296813507680589
TGTAACGAGAGTGACC	105784	94585	16705	0	53499	0.07018026114077285
AACCATGTCTCCTGCA	15208	12575	10239	0	7308	0.07204771371769383
TACCCACGTGGGTCAA	31372	28692	3461	0	13302	0.16837445977972954
ACCCTCAGTGTGGTCC	90674	83466	10739	0	46389	0.04709702154170561
TCCGAAATCGGTGTAT	60995	55836	7828	0	30661	0.06049860305179454
TCACATTTCAAGAGTA	864	705	488	0	396	0.01702127659574468
ACTTCGCGTCATCGCG	52116	47507	6736	0	24450	0.19089818342560044
CTACCCAAGACAGCTG	79398	72748	8729	0	33870	0.0916038928905262
AGTCACAGTGGACCTC	30832	27795	4208	0	13609	0.2434610541464292
TGTCCCATCTAGACAC	48020	43715	6695	0	22551	0.03875100080064051
ACAGGGAGTGATAGAT	23976	21697	4890	0	11321	0.11849564455915565
CGTGATATCTCTCTTC	69201	63386	9017	0	36886	0.09480011358975168
AGATGCTAGATCGCCC	70788	64241	9413	0	31747	0.15916626453510999
GCTTGGGCAAACGTGG	84539	75230	14692	0	41755	0.051894191147148744
GAGGGATAGACGCCCT	34480	31339	3989	0	14362	0.18124381760745398
CCACAAAGTATGGTTC	1018	855	622	0	451	0.025730994152046785
CGATGCGGTGTTTCTT	58765	53653	8480	0	30441	0.07319255214060724
GCACGGTGTTCCTTGC	23165	20662	3324	0	9299	0.46558900396863806
GCGTTTCTCTCTCTTC	56409	51912	7476	0	29621	0.047619047619047616
TGATCAGAGTGAGTTA	73566	65441	11419	0	38103	0.10562185785669534
CTCAGAACACTGCGTG	92527	83868	10949	0	43735	0.146694806123909
GGCACGTCACATTCGA	942	788	628	0	412	0.01903553299492386
TTCCTAAAGGTCCTGC	13648	12090	2682	0	5812	0.3430934656741108
ATCGCCTAGAGCATAT	30124	26807	7652	0	14410	0.06229716118924162
CGTCCATGTGTCTTAG	137078	125482	18406	0	65420	0.08597249007825823
CGGCAGTAGTGCGACA	158	140	19	0	124	0.1
CGTGATACACGCTGTG	44581	40473	6950	0	20101	0.14167469671138783
TTTAGTCTCTTCCTAA	37658	34251	4514	0	18606	0.27730577209424545
TCTATCATCCACTGGG	68137	61463	10821	0	34301	0.05095748661796528
TATCTTGGTATAGGAT	31199	28649	4183	0	17085	0.024643093999790568
GGATCTATCGACATAC	85475	77996	10612	0	38985	0.0994409969742038
GTCAAACTCAACGAGG	90252	81573	12082	0	44235	0.08432937368982384
CCTGTTGAGGCCCAAA	26040	23545	4311	0	11199	0.1464005096623487
CTTCTCTGTCAACCTA	55579	51350	6271	0	29698	0.04539435248296008
GACTTCCGTACGAGCA	40781	36178	11030	0	20288	0.06769307313837139
ACGTAGTAGCCTTGAT	23465	21411	2905	0	9351	0.15893699500256878
ATCGTAGAGAGCAACC	21065	19167	2906	0	10613	0.044451400845202695
GCCAGTGAGGAAGTCC	32237	28884	6185	0	15978	0.056986566957485114
TTTGGTTCAGCCCACA	133148	122582	14703	0	66476	0.04573265242857842
TCATCCGTCTAGTCAG	12704	11621	1829	0	4653	0.09250494793907581
ATGCATGCAAAGGCAC	148829	135376	18607	0	75149	0.05339942087223733
CATGGTATCACTTCTA	32657	28312	14445	0	14542	0.08431053970048036
TGAGGAGGTGCGCTCA	77803	70820	9141	0	38857	0.09477548715052245
GCGATCGGTACCTAGT	24971	22760	3571	0	14050	0.05136203866432337
CCATCACAGGCGATAC	22135	19780	4827	0	5951	0.026238624873609707
TACTTCAAGGTTCATC	45515	41161	7236	0	22585	0.08928354510337455
TCCTTCTGTGGCAGAT	99613	91427	13029	0	38649	0.107123716188872
CATACTTCAACTACGT	95984	87581	11293	0	45831	0.08789577648120026
CACTTCGTCTGTCAGA	1031	850	643	0	435	0.02588235294117647
AGACTCATCCCAACTC	62408	57234	7268	0	30275	0.049725687528392216
GGTGTCGGTCGTGGTC	101604	94562	10164	0	42298	0.10411158816437893
GTCGTAAAGCTTGTGT	37825	34417	5781	0	17735	0.15486532818084087
TCTTAGTAGGTTATAG	74214	67137	10648	0	39495	0.05527503463068055
GCAGTTATCCTCTCTT	42288	39027	5610	0	22001	0.048991723678479
ACCTGAACAAGCCATT	56445	51401	7207	0	28441	0.0510301356004747
AATCGTGGTCGTGGAA	43584	39539	6208	0	23074	0.10334100508358836
GAATCACAGGAAGTGA	17237	15148	5438	0	7710	0.26518352257723793
TATGTTCTCTATTCGT	35771	32495	4021	0	15828	0.20833974457608864
GTATTTCCATCCGGCA	36800	33610	5409	0	19850	0.07470990776554597
TACTTCAAGAGGTCGT	858	772	215	0	443	0.07772020725388601
ACATCGAGTCTAGTGT	125953	115798	12996	0	56963	0.1271265479541961
ACACCAATCTAGGCAT	54596	49860	6909	0	26801	0.06873245086241477
GAGACTTTCCGTTGAA	32429	29520	5501	0	16491	0.08983739837398375
CGTGAATCATAACCCA	96997	87928	12589	0	52110	0.09349695205167864
TTGACCCTCAGAGTGG	782	670	380	0	320	0.13432835820895522
CACTGTCAGGTAACTA	14562	13026	2807	0	5494	0.25103638876093964
GTCGTAAAGCTTAGTC	15902	14642	1947	0	5540	0.11029913946182215
ACCCTCACAATTTCTC	72	64	18	0	46	0.015625
GGATGTTGTACCTAGT	825	691	602	0	385	0.04052098408104197
AACTTCTGTGTGTCGC	785	649	432	0	353	0.06779661016949153
GCAACCGAGACCATAA	57099	52744	6104	0	28218	0.04646974063400577
TTACGTTGTGTACGCC	808	692	350	0	402	0.02601156069364162
CGTGTCTGTGCCGTTG	37521	34091	5073	0	19580	0.194420814877827
AACCTTTGTGAGACGT	13734	12623	1771	0	6232	0.13705141408539967
CGTGATACAGTCAACT	36027	32947	4734	0	18573	0.07776125292135855
AAAGGGCGTGTTGCCG	1843	1617	643	0	885	0.024737167594310452
CTACCCATCACATTGG	19634	17640	2774	0	8618	0.31014739229024946
GACCAATGTTGGCCTG	1041	810	942	0	437	0.06666666666666667
CTGTGAAAGGCTCAAG	973	842	414	0	471	0.0344418052256532
TCGTGCTCACAAGCTT	5174	4763	693	0	1468	0.003569179088809574
CTCAATTCAAATGGAT	44941	41029	5016	0	23804	0.04884350093836067
GTATTTCGTGGCTACC	118	100	20	0	63	0.01
AATGCCATCCTATTTG	941	793	577	0	423	0.1021437578814628
CATGCTCCAGACTCTA	1480	1240	867	0	680	0.020161290322580645
CCAATTTGTAAGCAAT	73273	65819	10872	0	37677	0.043953873501572496
TCATGGAAGCCAACCC	950	819	476	0	455	0.07448107448107448
GCCGTGAGTTCTCTCG	1025	838	786	0	454	0.014319809069212411
CTGGCAGGTTACCCAA	37841	34289	5823	0	19144	0.07958820613024585
CACTAAGAGTACAACA	926	774	618	0	415	0.07235142118863049
TGGGAGAGTCTGTTAG	38189	34749	5761	0	19933	0.09171486949264727
ATCGGCGAGGCCCGTT	35307	30469	9482	0	17261	0.09511306573894779
AGCTTCCTCTAGCCTC	87	71	57	0	39	0.04225352112676056
GTTATGGCATCCGGTG	1036	841	874	0	455	0.06658739595719382
TCCGTGTGTTCTCCCA	855	706	481	0	420	0.018413597733711047
AACAAGAAGTCGCCAC	1035	861	732	0	455	0.018583042973286876
GAGTGAGTCGGTTAGT	790	662	450	0	381	0.02416918429003021
ACCAACACAGCCTTCT	1165	918	1033	0	490	0.02505446623093682
TCAAGTGTCTGTGCGG	1017	848	628	0	449	0.01768867924528302
GGAGGTAGTCGTCATA	6845	5907	1994	0	3477	0.02116133401049602
CTCCGATAGATCACTC	1078	877	730	0	468	0.13112884834663627
TGGGCTGGTACCGGCT	13650	11600	6076	0	6588	0.0022413793103448275
CGATCGGTCTCCGAGG	53271	47666	9230	0	27699	0.06151134980908824
GATCAGTAGCACTTTG	17391	15819	2334	0	6306	0.21442569062519753
GGGTGAAAGTAGTCCT	888	720	614	0	404	0.0375
GTGTTAGTCACGAGGA	760	655	317	0	367	0.0183206106870229
AAGTGAAGTTGTTGTG	867	726	619	0	375	0.03305785123966942
ATTTCACCAGGCACAA	1020	891	435	0	488	0.06397306397306397
TGTTCATTCACGATCA	15291	13867	2175	0	6066	0.26271003100886997
TGGAGAGCAAAGCGTG	1033	859	501	0	479	0.051222351571594875
CCAAGCGCACTTCCTG	29191	26229	3979	0	10525	0.37016279690419
CCATCACTCAAACGTC	1082	892	706	0	486	0.016816143497757848
CTGATCCAGTTGTACC	1266	1034	761	0	535	0.09187620889748549
TGAATCGAGGTTCATC	76760	69657	10102	0	33417	0.14134975666480037
CATACTTGTTTCGTAG	34481	31771	4961	0	17742	0.05668691574076989
ATTGTTCGTATCACCA	906	750	544	0	384	0.064
CCCTTAGAGCAGGTCA	730	624	437	0	316	0.028846153846153848
GTAGAAAGTCTCGACG	49591	44920	8636	0	25150	0.08176758682101513
GCGGATCTCTCAAAGC	1085	939	473	0	508	0.019169329073482427
ATCTTCAGTGTATCCA	38928	35024	7573	0	20639	0.09136592051164916
CACGGGTGTACCTTCC	2172	1792	1456	0	979	0.045200892857142856
TGCGGCAAGGACAGTC	828	639	737	0	358	0.03599374021909233
TGGGCGTGTATGTCTG	27671	25149	3036	0	11187	0.25869815897252374
GCGTGCAGTGGGATTG	15400	14026	2701	0	7732	0.15300156851561386
GATGATCCAGTCGCTG	1007	873	469	0	456	0.06872852233676977
CAACAACTCGTGTCAA	24973	22837	2865	0	12871	0.03275386434295223
TCATATCTCTTCGTAT	855	711	551	0	399	0.05485232067510549
TGTAAGCTCTGGTGGC	925	757	585	0	409	0.1215323645970938
CTCATTACACGCTGCA	10839	9475	3929	0	5826	0.2772559366754617
ACGGTTACATTCAGGT	919	734	799	0	395	0.05994550408719346
GTCTCACCAGTGCGCT	967	784	718	0	436	0.03188775510204082
ATTACCTGTCAGTCCG	2556	2159	1388	0	1228	0.01760074108383511
TGTGGCGCACTCAGAT	9806	8682	1840	0	4268	0.4278967979728173
ATCCCTGAGCTCGTGC	1437	1240	637	0	690	0.014516129032258065
GGGTTTACAGCTTCCT	1036	846	827	0	472	0.0673758865248227
CACCGTTGTACCGTGC	4580	3935	1916	0	2069	0.02744599745870394
TGTCCTGAGGGCAACT	1018	853	591	0	484	0.13599062133645956
TGTTTGTTCGTCTACC	897	779	386	0	455	0.18613607188703465
GCCGATGCAGAGTAAT	1056	889	571	0	494	0.06636670416197975
CCTAAGAGTTCCAGGC	976	839	448	0	475	0.14421930870083433
AGGGCCTGTATACCCA	1879	1517	1426	0	837	0.05273566249176005
TCCGATCAGACGGATC	907	715	789	0	401	0.08951048951048951
AGGATCTTCGTAACAC	1062	887	671	0	509	0.04284103720405862
AGAGAGCAGTACTCGT	1199	1028	519	0	553	0.0943579766536965
GCTACCTCACCTAAAC	1079	883	739	0	462	0.03397508493771234
CCACCATTCGAACCAT	1101	918	745	0	479	0.05555555555555555
GATTGGTCAAGGCGTA	907	776	515	0	431	0.03479381443298969
GCAGCTGTCTGCGAGC	2681	2356	615	0	1256	0.20967741935483872
AGGGTGAAGCGAGGAG	12415	11075	2409	0	5623	0.1330022573363431
AACCCAAAGATAGGGA	989	832	403	0	438	0.020432692307692308
ATCGATGGTGTCCGGT	972	787	860	0	432	0.03430749682337993
GAGAGGTGTGACACGA	1024	898	327	0	459	0.0400890868596882
TAGGGTTGTCCGAAGA	871	710	536	0	411	0.1028169014084507
CGGGTCACAGCTTTGA	1233	1011	807	0	540	0.06132542037586548
AACAAGAGTTTGAACC	1080	878	681	0	450	0.04555808656036447
CGTGCTTGTCCGACGT	717	590	558	0	350	0.08305084745762711
CTCCGATAGGTCATAA	1103	901	759	0	481	0.02774694783573807
GCACTAAAGTAATACG	970	860	366	0	432	0.01627906976744186
ATCGTGAAGCCAGACA	14992	13510	2714	0	8655	0.05240562546262028
GTTATGGGTCTGATAC	756	620	558	0	354	0.016129032258064516
ATTATCCTCCCTTCCC	921	745	757	0	414	0.08590604026845637
ATAGGCTGTCGGATTT	944	799	542	0	446	0.05131414267834793
CCACGTTGTCGTCGGT	829	692	539	0	362	0.044797687861271675
TTCACGCCACGAGGTA	1281	1034	1030	0	560	0.20019342359767892
TGGAGAGAGTTGGCTT	1045	882	623	0	487	0.1054421768707483
CACTTCGTCCAAACCA	1074	898	579	0	480	0.04120267260579064
CATACTTCATCCTCAC	1186	978	882	0	539	0.041922290388548056
AGTGCCGAGGTGAGCT	872	726	487	0	383	0.03305785123966942
ACACCAATCCGAGTGC	945	777	796	0	415	0.015444015444015444
ACTATTCCACGCTTAA	916	757	615	0	436	0.04227212681638045
CAAAGAATCCGTGCGA	899	756	540	0	411	0.03968253968253968
TTCCGTGGTGAAGCTG	915	759	636	0	393	0.026350461133069828
GTAATGCAGTGACCTT	959	801	464	0	457	0.15980024968789014
AGGGCTCCATCCGTGG	1064	900	633	0	467	0.04
TAACGACGTAGGCTGA	1050	932	437	0	494	0.02682403433476395
GAGACCCCAACCTAAC	1319	1090	747	0	573	0.12385321100917432
GATGACTAGCGACTGA	1048	889	544	0	486	0.08773903262092239
GACCCAGGTCCACTTC	1097	917	738	0	468	0.05343511450381679
GCGTTTCGTATGTCAC	1133	949	652	0	508	0.15384615384615385
AAATGGAGTGTCCCTT	899	788	267	0	444	0.006345177664974619
TAGTGCATCATAGACC	955	787	608	0	406	0.09148665819567979
AATGGAAGTGATACAA	1065	899	547	0	481	0.030033370411568408
GCTACCTCAGTCAGCC	1113	918	784	0	484	0.004357298474945534
TTCTAGTCATCTCCCA	1450	1235	619	0	703	0.0437246963562753
TTTGTTGCATTCCTCG	885	683	1028	0	388	0.07027818448023426
CGGACACAGTTGAAAC	1007	845	563	0	440	0.033136094674556214
TATCGCCCATACGCAT	920	787	436	0	423	0.04701397712833545
CACTGAAGTGAGATCG	448	387	192	0	238	0.007751937984496124
TAATCTCAGAGAAGGT	840	719	371	0	401	0.17663421418636996
TCCCAGTTCTGATTCT	879	724	695	0	409	0.023480662983425413
AGGTGTTTCACCGCTT	2052	1730	1079	0	944	0.056647398843930635
GACTCAAGTTACGTAC	989	820	663	0	453	0.032926829268292684
ATAGGCTGTTCAGGTT	1121	918	769	0	513	0.14270152505446623
ACAAGCTAGAATAACC	1081	923	450	0	487	0.07150595882990249
ATACCTTTCACCTGTC	935	761	702	0	439	0.03153745072273324
CTGCCTAGTAGTTACC	1006	844	642	0	459	0.041469194312796206
AAACCCACAAGACCTT	1138	938	735	0	472	0.02771855010660981
GGAAGTGTCAGCTCTC	821	703	440	0	379	0.011379800853485065
ACGCACGTCAGCATTG	61	47	8	0	40	0.06382978723404255
TGCAGTAGTGAGTCAG	804	690	452	0	353	0.021739130434782608
AGGTTACCAACAGCTT	986	819	543	0	448	0.015873015873015872
CTAGACAGTGGGTCAA	965	789	586	0	435	0.12040557667934093
TAGACCAGTTACCTGA	33	28	3	0	26	0.07142857142857142
ACAGGGAAGATGTTGA	935	804	533	0	410	0.014925373134328358
AGGGTCCAGGCCACTC	1414	1178	816	0	625	0.11460101867572156
TTCTAGTTCGGCTATA	881	729	587	0	402	0.0438957475994513
CCATAAGTCCACGAAT	1144	915	922	0	532	0.0273224043715847
TGCTTGCAGGGACAGG	1050	863	644	0	470	0.055619930475086905
CTTAGGATCTAGCATG	805	646	670	0	364	0.02321981424148607
AAAGGGCTCGCGTCGA	563	483	257	0	286	0.07039337474120083
GTTGAACGTCCAATCA	935	807	489	0	443	0.0768277571251549
GTGACGCCAGAGTGTG	955	816	541	0	427	0.05759803921568627
GCTTCACTCTTCCTAA	907	744	697	0	417	0.04838709677419355
ATCCTATCAAGGCGTA	842	711	438	0	385	0.09985935302390998
ACACTGAGTTCGCGTG	1061	936	400	0	487	0.05448717948717949
AGGCCACTCCCGAACG	1505	1264	751	0	635	0.0893987341772152
TCACACCGTTTCTATC	1761	1458	1091	0	783	0.038408779149519894
GTGGTTAGTTTCGTAG	1099	914	699	0	528	0.09190371991247265
TGTTCCGAGTACAGAT	803	654	566	0	383	0.045871559633027525
GTTCTATAGGTGCCTC	833	672	634	0	378	0.01636904761904762
GCGGATCTCAGCACCG	909	772	521	0	406	0.027202072538860103
GTCTACCGTACCTAAC	1091	929	638	0	501	0.03982777179763186
GTCTACCAGACCACGA	998	883	418	0	474	0.031710079275198186
CAATACGTCAAGCCTA	4719	3864	2389	0	2283	0.19642857142857142
CTCACTGTCCATGATG	1050	845	899	0	464	0.0378698224852071
TTCCACGCAACTCGTA	1144	929	858	0	513	0.08503767491926803
TTCTAGTCAGCAGAAC	1097	893	751	0	503	0.12877939529675253
TAACACGCAGACCAAG	1092	928	527	0	477	0.04741379310344827
AGTTAGCGTACCCGAC	1134	985	502	0	509	0.05177664974619289
TGATGGTAGGTCGACA	887	716	691	0	390	0.01675977653631285
TGATGGTCATGCACTA	925	736	787	0	397	0.050271739130434784
CCTGCATCACACCAGC	1058	860	704	0	467	0.06162790697674419
CCTCTCCGTCAAAGAT	911	739	723	0	432	0.13125845737483086
GTGCTGGCAGTGCCTG	935	777	694	0	404	0.02445302445302445
TTACCATGTCGGTGAA	1072	865	903	0	444	0.08786127167630058
ATCGTCCGTGAGTGAC	849	704	568	0	379	0.018465909090909092
TAGGAGGGTCGTTGGC	1050	890	413	0	507	0.10449438202247191
AATGGAACATGTACGT	2382	1998	1243	0	1092	0.04104104104104104
TTGCATTCACTGTGAT	968	804	699	0	428	0.1417910447761194
CATTCTAGTACACGCC	1073	853	991	0	467	0.035169988276670575
ACCCAAAAGCGTGCCT	1078	914	494	0	476	0.02735229759299781
TGGAGAGGTGGATCAG	957	816	519	0	458	0.049019607843137254
GTTGCTCGTAGACTGG	884	746	472	0	407	0.02680965147453083
TCTGCCAAGGGCGAGA	1080	891	511	0	478	0.04152637485970819
TATACCTTCATCGCAA	1070	892	603	0	508	0.06614349775784753
AGGGCCTCATCCGCGA	958	809	618	0	427	0.03584672435105068
CATTCATCATCCTAAG	818	690	507	0	393	0.02318840579710145
ACTGTCCAGGGCAGTT	1898	1605	1049	0	826	0.024299065420560748
TCGGATATCTTCCCGA	948	797	521	0	420	0.03638644918444166
CATGCTCAGCTGACTT	850	715	545	0	374	0.02937062937062937
CAGATACCACCGTCTT	983	827	594	0	429	0.026602176541717048
GGTGTCGGTTTCCCAC	969	817	500	0	433	0.051407588739290085
GTCTAGACATAGGTTC	810	674	582	0	371	0.04451038575667656
AGGTCTAAGACCCGCT	953	763	839	0	443	0.061598951507208385
CTTCCTTTCCCGAATA	799	656	623	0	397	0.057926829268292686
TCTCTGGTCCAAACCA	888	720	682	0	415	0.07222222222222222
CGAAGGACACACAGAG	959	817	505	0	442	0.03427172582619339
ATTCACTCATGGCACC	909	745	640	0	399	0.08456375838926175
TCATCATCATTGAAAG	885	751	497	0	427	0.08921438082556592
ACTATTCAGGTAGACC	968	822	442	0	461	0.13017031630170317
GTCATGACATAACCCA	1044	886	560	0	468	0.022573363431151242
GCCGATGCATGAGGGT	1021	855	513	0	454	0.04678362573099415
ACGGAAGCATACAGGG	767	620	671	0	340	0.027419354838709678
CTGTGGGAGCACTCAT	918	733	655	0	400	0.11323328785811733
CCACCATGTGGCTAGA	1109	925	628	0	505	0.08108108108108109
GGGATGAGTCATCAGT	868	739	383	0	402	0.03924221921515562
AGGGCTCAGTATAGGT	984	828	554	0	445	0.0821256038647343
CTTCTAACATTGCCTC	887	708	745	0	399	0.026836158192090395
GACTGATGTAAGATCA	846	681	555	0	386	0.048458149779735685
GACTCAACAAAGGCTG	1084	929	459	0	512	0.015069967707212056
CCCTCAAGTTATCTTC	1022	882	574	0	467	0.04195011337868481
CTACCCATCTGCGGAC	1162	955	677	0	503	0.09633507853403141
GTGCGTGGTGACTCTA	972	820	540	0	438	0.01951219512195122
CTCACTGCATGTGCTA	875	740	512	0	391	0.09324324324324325
GTACAACCAAGTGCAG	1075	933	475	0	479	0.08252947481243302
ACTGTGATCGAATGCT	744	634	453	0	337	0.017350157728706624
TCACGGGCAGTGCGCT	1061	901	530	0	489	0.04328523862375139
TGAGACTCATATCGGT	1014	871	485	0	458	0.03673938002296211
GAATCACCACGTTGGC	1272	1076	743	0	594	0.13289962825278812
GGCTTGGGTTCCATTT	983	829	540	0	440	0.09891435464414958
ATACCTTCATCCAATG	862	720	588	0	411	0.06388888888888888
GCTTTCGCAAGTATAG	773	636	518	0	344	0.05188679245283019
TTTCCTCGTGACGCCT	828	685	510	0	393	0.058394160583941604
CGAGAAGCATAATCGC	970	775	860	0	422	0.07612903225806451
GCCAGCAAGTAAACGT	1421	1193	794	0	614	0.0972338642078793
ATTATCCCAGGTATGG	810	661	614	0	369	0.018154311649016642
GCTGAATGTGAGATCG	1161	978	544	0	544	0.1554192229038855
AACAAAGCAGGCAATG	865	706	484	0	380	0.043909348441926344
TGGATGTCAGGTTCGC	981	812	678	0	436	0.04556650246305419
CAGGTATAGTCGTTAC	1010	878	435	0	490	0.10250569476082004
TCCTGCAAGCCTTGAT	1991	1617	1439	0	890	0.05009276437847866
TCGGTCTTCACGTAGT	811	692	430	0	378	0.1069364161849711
TCACAAGGTTATGTGC	202	183	16	0	156	0.07103825136612021
GGGACAAGTCTGCATA	1052	891	543	0	483	0.04040404040404041
TTGCGTCTCATGCATG	1032	811	927	0	460	0.05055487053020962
GACCCTTCACTTCTCG	1021	865	592	0	479	0.03121387283236994
ACTTTGTTCTTTACAC	894	753	530	0	439	0.09694555112881806
TGTGGCGAGCCTATCA	49	38	7	0	39	0.05263157894736842
TTGCCTGTCGTTCCCA	1060	864	755	0	496	0.047453703703703706
TCGGTCTCAAATTGCC	969	836	493	0	479	0.03229665071770335
ACGTAACAGAGTCCGA	958	825	472	0	461	0.059393939393939395
CTTCTCTCATCGCTCT	785	612	811	0	337	0.026143790849673203
TGTAAGCCAACCTAAC	1061	899	519	0	482	0.011123470522803115
AGTGCCGTCCTGGCTT	847	679	756	0	375	0.023564064801178203
TTGCATTTCGAGTGGA	938	824	346	0	454	0.02912621359223301
TCGCAGGAGGTCCAGA	872	734	478	0	394	0.0776566757493188
ATCCTATAGTGGTTGG	864	704	607	0	419	0.04971590909090909
AAGAACAAGACCTCCG	997	846	509	0	465	0.030732860520094562
TGGAGAGTCGTGGCGT	712	604	362	0	335	0.046357615894039736
TATCCTAAGTGCTCGC	812	671	471	0	412	0.05067064083457526
TGCACGGAGAGGATCC	953	818	426	0	438	0.10880195599022005
TCTAACTCAAGGACAC	1154	960	784	0	525	0.078125
GTATTGGAGAGGACTC	1225	1048	561	0	623	0.07919847328244274
ACATTTCGTCATATGC	1186	984	783	0	549	0.052845528455284556
ATCGTAGGTCAATGGG	963	828	535	0	438	0.1292270531400966
TTGGATGAGAGATCGC	1019	881	378	0	475	0.13280363223609534
GGTAATCCAACAGAGC	1156	999	469	0	532	0.03403403403403404
CTGTAGAAGCACTTTG	1039	863	647	0	513	0.16222479721900349
ACGTAGTTCAGCTAGT	1042	869	622	0	464	0.028768699654775604
ACCCAAAGTGTACAGG	1225	1058	654	0	544	0.052930056710775046
TGTAGACAGGCGTCCT	913	785	449	0	471	0.016560509554140127
TGGGCTGGTAGTATAG	1010	890	415	0	459	0.03707865168539326
CAACGATAGCTGAGCA	1118	950	603	0	505	0.07473684210526316
CCACACTGTCTCAAGT	1343	1114	861	0	627	0.09066427289048475
GTGCTTCAGAATCCCT	1179	959	841	0	539	0.12721584984358708
TCAGGGCTCTCTCGCA	1217	1061	551	0	550	0.058435438265786996
CCTCACATCTGTCAGA	988	824	719	0	452	0.07281553398058252
ATACCTTAGGTAGTAT	909	759	504	0	431	0.057971014492753624
CTGGACGGTACTCCCT	1119	918	707	0	494	0.07734204793028322
GGCTGTGGTTAGGGTG	902	732	719	0	387	0.031420765027322405
AGAAGTATCCTCTAGC	820	698	437	0	399	0.02865329512893983
GGTAACTCATAACCCA	1386	1225	459	0	643	0.0783673469387755
GTCTTTAAGAGTAACT	688	586	390	0	334	0.052901023890784986
TCGGGACAGGAGGGTG	950	795	527	0	439	0.1220125786163522
GTGTAACTCGAGTCCG	1279	1088	746	0	552	0.09558823529411764
TCATGTTAGTAGCATA	960	824	523	0	462	0.07160194174757281
GCAGCCATCATCTCTA	829	683	629	0	381	0.048316251830161056
ATCCCTGGTTCAAAGA	1059	873	673	0	483	0.01718213058419244
CAGATTGTCCTTCTTC	851	713	536	0	407	0.0546984572230014
CTGGTCTTCGACCATA	795	673	414	0	372	0.020802377414561663
TCTACCGAGCCATATC	1060	899	653	0	502	0.034482758620689655
CCGATGGTCGGTCACG	824	691	440	0	410	0.04486251808972504
GGAGAACAGGATTACA	1000	824	640	0	457	0.00849514563106796
GAATCACCATGAGAAT	45	35	6	0	28	0.08571428571428572
TACAACGTCACATCAG	84	67	16	0	50	0.05970149253731343
AGTTAGCCAAGGTCGA	169	144	37	0	111	0.13194444444444445
TTCCTAACAGGATGAC	942	804	554	0	422	0.043532338308457715
CCGATCTAGATGATTG	962	836	427	0	468	0.022727272727272728
CGAGGCTGTTCCGCGA	1096	947	584	0	505	0.05807814149947202
TGATGCAAGGTGCTAG	65	57	4	0	54	0.03508771929824561
CTCCGATAGCCTGGAA	994	833	598	0	441	0.04561824729891957
TGGATCACAGTAGTGG	104	98	9	0	92	0.01020408163265306
CTGTGGGCACTGATTG	34	28	2	0	26	0.32142857142857145
GGAGGATCACCCTCTA	1091	931	584	0	507	0.05370569280343716
AGGAATACACCGTCGA	1042	887	549	0	464	0.038331454340473504
AAGTGAAAGAACGCGT	1282	1116	510	0	604	0.06451612903225806
CTCCGATTCAACGAGG	31	27	7	0	23	0.1111111111111111
GTTGCTCGTCCCGGTA	85	76	7	0	69	0.02631578947368421
TCACAAGTCTTCACAT	1013	844	645	0	445	0.023696682464454975
CGAGGAACACTCCACT	1050	888	523	0	473	0.019144144144144143
TTGTGGAGTTCGATTG	976	801	664	0	434	0.10986267166042447
CTATAGGTCAATCTCT	844	704	528	0	395	0.02556818181818182
GACATCAAGCATTTCG	1247	1036	834	0	537	0.01447876447876448
TGGATCAAGGCCTGCT	927	744	793	0	392	0.0228494623655914
TCCATCGAGTCCCTAA	1037	862	642	0	425	0.0777262180974478
TGGAGAGAGGGCCTCT	1016	861	489	0	467	0.05807200929152149
ACAGCCGCATTGGCAT	1036	855	735	0	436	0.0456140350877193
ACTGTCCGTGTTTACG	1147	975	724	0	535	0.036923076923076927
TTTGGTTTCGATGCTA	818	673	526	0	401	0.03268945022288262
GTCATGAAGACCAAAT	725	616	314	0	343	0.09415584415584416
TATGTTCCATGAGATA	877	752	409	0	415	0.010638297872340425
TCCGAAAGTAATCAGA	1164	997	457	0	526	0.08625877632898696
TCATGCCGTCATACCA	1095	903	722	0	489	0.017718715393133997
CGCGTGACAGAGTAAT	289	253	51	0	198	0.05138339920948617
CGAAGTTTCGTACACA	976	820	574	0	423	0.007317073170731708
TCACTCGGTTGGAGGT	761	646	443	0	373	0.021671826625386997
CTGGCAGTCACAAGGG	1967	1655	1031	0	897	0.017522658610271902
CAAGACTAGTCCGCGT	1245	1071	549	0	592	0.051353874883286646
ACCCAAAAGCATATGA	941	790	642	0	402	0.017721518987341773
GTTAGTGCATCTGCGG	1005	790	911	0	421	0.11645569620253164
TTTCACATCTTCCTAA	788	597	935	0	347	0.006700167504187605
GTGGAGACAGTGCGCT	1110	893	811	0	501	0.05711086226203808
TAACCAGTCAAGTGTC	835	695	476	0	380	0.007194244604316547
TAGACCAAGGCTAAAT	910	743	566	0	414	0.06864064602960969
CACACAACATGCCATA	814	728	260	0	395	0.020604395604395604
CGGCAGTAGGAGAGGC	1011	821	738	0	451	0.01705237515225335
ACCTGTCGTCCATACA	1061	900	523	0	481	0.04555555555555556
AATGGCTCACAGCTTA	1022	855	558	0	470	0.15321637426900586
TGCAGATGTCCGGATC	1239	1026	766	0	542	0.025341130604288498
ACTATTCTCCCATTCG	913	783	438	0	416	0.04597701149425287
ATAGGCTAGCAACAGC	1074	906	531	0	500	0.1291390728476821
GAGTCTACAGTTTCAG	899	753	512	0	422	0.03187250996015936
GTTAGACGTGATGGCA	1067	903	571	0	489	0.1273532668881506
TTCTGTACATCGCTGG	838	673	737	0	360	0.02526002971768202
GTACAACAGGGAGTGG	999	811	662	0	450	0.036991368680641186
GAAGGACGTAACAAGT	1106	943	528	0	507	0.041357370095440084
TAGGTTGTCATCTACT	769	634	558	0	353	0.025236593059936908
TCTTTGAAGTTGTCAC	830	728	374	0	404	0.03708791208791209
GTTTACTGTGCTCTTC	971	793	738	0	438	0.08701134930643127
GTTGTCCAGATGATTG	2033	1718	1176	0	928	0.0459837019790454
TAGGAGGAGCAATAAC	1073	896	497	0	476	0.013392857142857142
CTACCCAGTCAAGTTC	961	795	559	0	456	0.04150943396226415
TCCGAAAAGCTCTGTA	952	809	397	0	415	0.05067985166872682
TCGGGACGTCTGTCCT	838	711	474	0	377	0.05625879043600562
GCATCGGAGCAGCCCT	824	693	499	0	373	0.06493506493506493
ACATCCCAGAGTGACC	823	696	492	0	363	0.017241379310344827
TGTCCCACAGCCTATA	944	778	570	0	452	0.038560411311053984
CTTCAATGTAGGATAT	872	764	362	0	404	0.02225130890052356
CGAGAAGAGGTACATA	1107	967	435	0	529	0.07652533609100311
TGTTCCGGTCCAGCAC	936	784	561	0	427	0.03316326530612245
AATGGAAGTAGGAAAG	1039	879	459	0	461	0.011376564277588168
ACAGGGAGTTAGCGGA	865	726	534	0	396	0.05647382920110193
GTACAGTCAGCATACT	1042	860	666	0	424	0.01627906976744186
TGCCGAGCAACAGCCC	1357	1114	921	0	563	0.03141831238779174
GTTGCGGGTATTTCTC	915	754	704	0	413	0.013262599469496022
CGGGCATGTGGATCAG	939	755	727	0	416	0.009271523178807948
TTGTTGTAGAAGGCTC	762	643	442	0	376	0.06531881804043546
CTTCTAAAGACGACTG	795	692	327	0	378	0.008670520231213872
TCTGCCAGTCACTTAG	965	790	676	0	426	0.09620253164556962
AGTGACTTCTCTTAAC	769	626	628	0	333	0.038338658146964855
AGTTAGCCACAAAGCG	1153	977	609	0	534	0.03991811668372569
ACACTGACAGGGATAC	1108	937	535	0	527	0.04909284951974386
GGGCCATGTTAAACCC	235	210	38	0	195	0.04285714285714286
TAGGTTGTCGCTCTAC	62	56	10	0	51	0.03571428571428571
TCATTACCACCACATA	963	793	631	0	439	0.1034047919293821
GCAGCTGAGTGATCGG	1071	909	595	0	489	0.0462046204620462
CAATACGTCCATTCGC	1104	926	673	0	491	0.024838012958963283
CAGCAGCAGATCCTAC	941	796	608	0	419	0.005025125628140704
AAGACTCGTGAGAGGG	1039	889	567	0	477	0.04499437570303712
ATGGGTTAGCGTTCAT	1102	938	591	0	525	0.08315565031982942
CGAAGGACATCTTTCA	1155	958	747	0	489	0.026096033402922755
GGCAGTCTCTTCGATT	1176	951	990	0	492	0.058885383806519455
CTGTGGGTCGACGACC	887	716	723	0	404	0.036312849162011177
AAAGAACTCAAAGACA	1081	905	550	0	497	0.06629834254143646
ACCAACACACCATTCC	1490	1258	832	0	626	0.018282988871224166
ATGCCTCAGAACCGCA	681	547	617	0	276	0.016453382084095063
TTTAGTCCAACCACGC	1079	882	623	0	488	0.06235827664399093
GTTCTATTCTGGGAGA	824	699	466	0	377	0.04148783977110158
CTAGACAAGACGAGCT	1094	934	450	0	487	0.0835117773019272
ATTCCCGCAAGACGGT	978	753	1049	0	422	0.1341301460823373
CCACAAAGTTAAGCAA	1222	1004	721	0	537	0.01593625498007968
GGGAGTATCTCGCAGG	983	839	514	0	447	0.025029797377830752
AACCTTTAGGAACTAT	1022	853	669	0	482	0.05627198124267292
CGTGAATGTCAGCGTC	709	612	340	0	350	0.0392156862745098
AGACCATGTAGTCGTT	918	794	469	0	413	0.02518891687657431
TGATCTTCAAGTGCTT	787	692	394	0	348	0.028901734104046242
CAGCAGCTCTTGCGCT	1158	1015	497	0	568	0.053201970443349754
GTAGCTACAAGGTCTT	950	807	538	0	436	0.011152416356877323
GGAAGTGCATAATGAG	64	55	6	0	54	0.03636363636363636
GTGAGCCCATCTAGAC	1126	944	689	0	490	0.08898305084745763
GTAAGTCTCTCACTCG	981	826	574	0	472	0.09564164648910412
TAGCACACACGGTGTC	1134	913	923	0	511	0.018619934282584884
ATCGTGATCCCTCATG	854	733	331	0	420	0.0286493860845839
CGAGAAGAGGTCCCTG	757	669	215	0	376	0.03139013452914798
TCAGGGCCATTGGATC	970	802	708	0	417	0.06733167082294264
CAGTTCCTCCATAAGC	1229	976	1053	0	523	0.031762295081967214
GGGTCTGCAGATTAAG	795	641	570	0	393	0.060842433697347896
GACCAATTCTAAACGC	1064	902	565	0	473	0.02993348115299335
TAGGGTTCAACGGCTC	2473	2128	1422	0	1169	0.006109022556390977
TCTATACTCACGATAC	1243	1015	919	0	523	0.022660098522167486
CATCCCAAGGCATGCA	1124	919	767	0	491	0.03373231773667029
TACTGCCGTTCGCGTG	1079	881	740	0	462	0.056753688989784334
GGAACCCTCTAGCAAC	1258	1072	737	0	543	0.04197761194029851
TGCACGGTCTACGCAA	1190	968	756	0	523	0.026859504132231406
GGCTTTCGTTGTGTAC	4060	3245	3061	0	1947	0.02465331278890601
GGCTGTGAGTCCTACA	438	349	375	0	186	0.1174785100286533
AGCTCAATCATGGGAG	1006	841	527	0	456	0.0178359096313912
ACCCTCATCATTATCC	983	816	655	0	459	0.0428921568627451
AGTCATGAGTAGACCG	1301	1078	734	0	585	0.1456400742115028
ATCACGATCTAGTGAC	884	758	492	0	397	0.029023746701846966
ATGGGTTAGTCATCGT	1106	925	699	0	508	0.0627027027027027
GATTCTTAGGTGCAGT	963	795	708	0	444	0.08050314465408805
CAAGGGAAGGTTGCCC	1318	1105	708	0	575	0.016289592760180997
CGATGGCGTGTCGCTG	1136	955	675	0	539	0.020942408376963352
TTTGGTTTCATGGCCG	1031	817	950	0	451	0.12239902080783353
AGTCAACCACCTTCCA	1109	948	576	0	491	0.046413502109704644
TAGAGTCTCGCTTGAA	834	700	487	0	388	0.14285714285714285
AACAGGGAGATCGCTT	1059	897	590	0	484	0.011148272017837236
AACACACTCTTCGTAT	1041	888	617	0	448	0.04391891891891892
TCACGCTCAAGAGGCT	938	772	643	0	415	0.03756476683937824
AGCGTATGTTCCGCTT	1048	889	503	0	484	0.019122609673790775
ATTCTACTCTACTATC	858	669	825	0	385	0.03288490284005979
GCCGTGAGTATGCTTG	956	825	461	0	434	0.08
TACCCGTGTAATTGGA	944	807	396	0	465	0.05204460966542751
TACGCTCCACCTGCGA	99	82	18	0	62	0.06097560975609756
TCCGAAACAGGACATG	1079	901	615	0	449	0.022197558268590455
AGGCCACAGCCAAGTG	2097	1760	1284	0	906	0.0659090909090909
AGCGCTGGTCTCTCTG	918	748	697	0	387	0.02406417112299465
CAAGAGGCAACGTAAA	1182	1002	563	0	529	0.023952095808383235
GCTGGGTTCACCTGTC	983	798	727	0	440	0.03759398496240601
TACGGTACATCGGAGA	970	819	503	0	427	0.01098901098901099
CATTGTTAGTCAAGCG	1053	886	683	0	509	0.04401805869074492
TACCTCGAGAATAACC	1118	970	491	0	489	0.061855670103092786
AAACGAATCGCTGTTC	775	637	528	0	349	0.03610675039246468
AACCTTTCAGCTACTA	1238	1003	903	0	548	0.06580259222333001
ATGGGAGTCGGCTTGG	972	813	512	0	451	0.06150061500615006
AAGAACACAGGTACGA	1086	937	545	0	510	0.03735325506937033
GTCAGCGAGCATCCTA	928	760	645	0	408	0.015789473684210527
ACTATTCGTATGCTAC	1057	886	515	0	491	0.136568848758465
TGCATGATCTCTGCTG	1504	1262	898	0	701	0.08399366085578447
AGGGCCTCATGTTTGG	974	801	705	0	439	0.05368289637952559
AGGATAAAGTCGCGAA	987	855	404	0	456	0.05847953216374269
CTCCTCCTCGCTATTT	936	732	875	0	425	0.07103825136612021
GAGTGAGAGTAATACG	928	805	446	0	413	0.02608695652173913
TCCCAGTGTTAACCTG	1130	951	757	0	492	0.054679284963196635
TTGGGTAAGCTAATCC	1020	862	547	0	459	0.0962877030162413
AGACAAAAGCTAGAAT	1066	932	488	0	486	0.09227467811158799
TCGGTCTAGGACACTG	86	80	13	0	65	0.0125
CACAACAAGCCTAACT	1102	931	632	0	453	0.04833512352309345
TACAGGTCATCCGAGC	1089	928	471	0	491	0.011853448275862068
TGTCCTGAGTGCAACG	958	804	527	0	469	0.04228855721393035
CCGCAAGTCGTAACAC	947	788	553	0	424	0.02918781725888325
AGATGCTGTTATCTGG	888	743	524	0	422	0.08344549125168237
GTCTTTAGTAGCTAAA	911	709	858	0	405	0.07757404795486601
CCATCACAGCGAGTAC	937	795	434	0	436	0.02012578616352201
GTGCGTGCACACCGCA	1129	911	817	0	483	0.05817782656421515
CACTGGGGTGAGATCG	482	401	248	0	245	0.032418952618453865
AACTTCTGTATAGGAT	860	694	674	0	380	0.040345821325648415
CAATTTCGTAGCGTAG	956	826	382	0	430	0.026634382566585957
AGGTCTATCACGATAC	1379	1188	534	0	625	0.030303030303030304
TGAGGAGTCCAAGCAT	1078	907	587	0	470	0.025358324145534728
GTCAAACCAAAGCACG	1197	1002	748	0	547	0.03093812375249501
CACGTTCCATGGAATA	1063	900	654	0	482	0.021111111111111112
CACGTTCAGCCTGAGA	1057	866	725	0	479	0.06812933025404157
ACGATCAGTCCATACA	934	794	446	0	423	0.036523929471032744
AGACCATCACTACGGC	1202	986	874	0	521	0.014198782961460446
TAACACGAGAGTGAAG	814	667	552	0	357	0.07796101949025487
CTTGAGAAGGCTGGAT	939	819	385	0	415	0.0231990231990232
CGGAACCCACTCAGAT	1330	1148	573	0	572	0.05836236933797909
CTCTCAGAGCTGGCTC	954	786	590	0	435	0.09923664122137404
TGCATGACAAATGGAT	1050	880	547	0	463	0.09318181818181819
TCTGTCGTCAGACATC	748	590	575	0	332	0.020338983050847456
GGTCACGAGAGCCGAT	1035	856	756	0	463	0.02570093457943925
TCCCATGCAGGAATAT	855	720	481	0	381	0.058333333333333334
TAGACCAGTTCGTGCG	982	818	617	0	454	0.030562347188264057
GTTGTGAAGTTAACGA	795	677	382	0	387	0.029542097488921712
ACATCGATCCATATGG	911	744	726	0	417	0.01881720430107527
CAGCGTGCAACCTATG	1146	934	754	0	504	0.014989293361884369
CTCACTGGTGTCCGGT	764	627	554	0	336	0.05582137161084529
GTGGTTAAGAGGTGCT	954	794	536	0	430	0.0906801007556675
GACATCATCCTTCAGC	1248	1003	933	0	546	0.024925224327018942
CATTCCGGTGAATATG	972	799	618	0	430	0.012515644555694618
CATTGCCGTAGCGTTT	1132	937	673	0	510	0.052294557097118465
GTAGGAGCATGACGTT	920	765	551	0	397	0.018300653594771243
AATTCCTTCTTGATTC	771	576	1025	0	340	0.03125
GGTAACTGTAGATTAG	42	35	4	0	29	0.11428571428571428
TGATTTCAGACGCATG	930	755	707	0	400	0.033112582781456956
GACCCAGGTATCAAGA	869	721	550	0	383	0.09015256588072122
CACCAAAGTTTCACTT	1004	822	746	0	436	0.0340632603406326
TATGTTCAGCTGTCCG	884	697	799	0	385	0.054519368723098996
TGTGAGTTCGAATCCA	1022	851	553	0	459	0.11398354876615746
TTCCTAATCTATTGTC	760	619	622	0	363	0.004846526655896607
GCCGATGCAAGTGCTT	116	100	25	0	92	0.04
TACCGAACATGACGTT	1029	870	526	0	452	0.02528735632183908
TAACGACAGACCTGGA	1186	1014	556	0	512	0.021696252465483234
CGGGCATTCTCCTGCA	906	739	618	0	404	0.029769959404600813
TTCTAACTCAGCTGAT	837	694	489	0	356	0.04610951008645533
GACTATGAGGGCATGT	100	86	10	0	75	0.05813953488372093
ACACAGTAGATCACCT	816	713	324	0	427	0.08415147265077139
TTCGGTCGTAACAGTA	1147	968	622	0	516	0.011363636363636364
CTACAGAGTACTAGCT	1012	800	935	0	449	0.05375
GGGACTCGTCACTCGG	1034	855	729	0	476	0.08771929824561403
GAGTGTTAGGTATTGA	645	541	376	0	299	0.022181146025878003
CATCCACAGCACCTGC	1195	970	1008	0	512	0.013402061855670102
TCCATCGCATCACCAA	1217	977	1148	0	516	0.02354145342886387
TGCTTCGGTAGTGGCA	907	756	584	0	393	0.015873015873015872
AGATGCTAGGACAAGA	1113	959	541	0	510	0.07924921793534932
GGATCTACAAGTGCAG	989	834	578	0	438	0.08872901678657075
AGGCTGCCATGGATCT	1005	828	634	0	450	0.014492753623188406
CTTGAGACAAGTGTCT	960	797	582	0	415	0.010037641154328732
TTCAGGAAGAAGAACG	896	727	728	0	420	0.011004126547455296
GTCAGCGTCCACCTCA	1003	843	545	0	471	0.05931198102016608
CTTGAGAGTCATAAAG	840	693	505	0	373	0.010101010101010102
GCCATGGGTCATAACC	1155	964	723	0	511	0.016597510373443983
ATCGGATAGCGTGTCC	685	591	224	0	348	0.01015228426395939
CCTAAGACAATCCTTT	58	41	14	0	36	0.07317073170731707
GAATAGAAGCGATCGA	918	783	393	0	418	0.04980842911877394
TTTACCACACGCTGCA	1225	1030	751	0	567	0.02330097087378641
ACCTGTCTCGAGTGAG	732	618	500	0	335	0.043689320388349516
ACTGTGATCCTACGAA	959	780	523	0	423	0.016666666666666666
GACGCTGAGTCAGGGT	977	844	420	0	442	0.045023696682464455
GCCAGCACAGTTAGAA	47	42	2	0	31	0.023809523809523808
TACGCTCAGATGCGAC	1001	832	724	0	432	0.04567307692307692
GTGGAAGTCCACGGGT	881	764	384	0	372	0.06282722513089005
TCTATACCAGTTCTAG	796	651	592	0	389	0.018433179723502304
GGGTGTCTCGCCGTGA	914	769	584	0	414	0.04031209362808843
TTACGTTGTCGGTACC	784	651	444	0	383	0.04608294930875576
TAATCTCAGTACGTCT	774	674	400	0	374	0.026706231454005934
CTCCATGCAGGTGTTT	799	667	550	0	377	0.041979010494752625
CAACAGTGTGTGATGG	1193	1013	658	0	540	0.07206317867719644
CCGATGGGTCCTGGTG	862	726	560	0	380	0.023415977961432508
TCCCAGTCATGGATCT	930	788	502	0	409	0.02284263959390863
GCATCGGTCCAAACCA	1048	861	708	0	478	0.07897793263646923
GTTGTGATCTTGCAAG	768	677	258	0	372	0.04579025110782865
TTCCACGTCTCTGAGA	1049	859	628	0	473	0.025611175785797437
TTTCAGTAGACGGTCA	787	658	498	0	370	0.031914893617021274
TCATCCGGTAAGATCA	1000	808	705	0	438	0.0594059405940594
ACGTTCCTCTAGAACC	996	829	616	0	444	0.014475271411338963
GGGCTACAGTCGAGGT	227	209	34	0	88	0.0861244019138756
AGGGCCTCACCTGATA	4952	4402	1287	0	2112	0.0068150840527033164
CTAGACAGTTACACAC	994	798	737	0	452	0.042606516290726815
CCAATTTTCAGAATAG	828	651	652	0	386	0.039938556067588324
CTTTCAATCTCCATAT	862	690	653	0	420	0.04782608695652174
TTACAGGAGAGGTATT	18812	16350	4783	0	10005	0.00929663608562691
CTCCTCCGTATCGAGG	952	775	706	0	425	0.03612903225806452
ATGTCCCAGTAATCCC	1047	889	586	0	458	0.020247469066366704
GAGACTTGTGGTCCGT	831	663	685	0	347	0.06485671191553545
GAATCACTCTGTCGTC	1115	909	794	0	487	0.0671067106710671
CCTTCAGGTCGGCTAC	910	769	503	0	425	0.0494148244473342
CAACCAAGTACGATGG	1025	865	532	0	437	0.07167630057803469
GTAGATCTCCGGACTG	835	704	420	0	368	0.04971590909090909
CAGGCCAGTGTTCAGT	982	820	599	0	457	0.02804878048780488
TTCACGCTCTTTCTAG	1005	829	678	0	436	0.015681544028950542
TGACGCGTCCTCTCGA	861	703	566	0	392	0.012802275960170697
GACCGTGTCTCGTTTA	715	608	426	0	321	0.04111842105263158
AATCGTGGTTATGACC	1510	1230	1039	0	673	0.12195121951219512
CATACTTGTCTTCATT	821	676	635	0	354	0.03550295857988166
TTACCATGTTACACAC	919	747	663	0	412	0.10040160642570281
TACAACGCACGCGTCA	1103	899	916	0	439	0.014460511679644048
CTACTATGTGTCATCA	74	63	8	0	62	0.06349206349206349
AATGAAGTCAGGAAGC	849	738	333	0	394	0.05013550135501355
ATCTCTATCCATGCAA	758	608	673	0	347	0.01644736842105263
AGGTTACTCGTTCTAT	867	711	694	0	402	0.011251758087201125
AATCGACTCGTCGACG	771	659	358	0	337	0.06525037936267071
TCCGTGTTCGCTGACG	1631	1353	1002	0	749	0.010347376201034738
GGGACAAAGCCTCATA	994	858	489	0	444	0.027972027972027972
CATAAGCTCCGTCACT	967	827	609	0	431	0.014510278113663845
TGGTACAGTAGGTAGC	969	826	638	0	423	0.04600484261501211
TGCAGGCGTGTCATGT	725	639	229	0	335	0.003129890453834116
AAGTACCGTCCAGGTC	1121	938	738	0	486	0.07569296375266525
AATGGCTCATGTCGTA	980	827	621	0	433	0.0048367593712212815
GGGTGTCGTTACGGAG	842	698	498	0	400	0.044412607449856735
GGGTGTCAGGAACGAA	1125	955	561	0	477	0.061780104712041886
TTGAACGCAAGGTCAG	1328	1120	821	0	600	0.03125
ATCCGTCAGTACAGCG	990	853	429	0	445	0.06799531066822978
GGGAGTACACAAGCAG	1125	956	593	0	467	0.01778242677824268
GTTCCGTTCCGTGACG	886	741	532	0	406	0.006747638326585695
TTTACCAAGCTGTTCA	778	609	655	0	334	0.021346469622331693
TTTGGAGCATGGAACG	1194	984	748	0	527	0.04369918699186992
CCGATGGAGACGCCCT	884	729	519	0	401	0.038408779149519894
ATCGCCTAGTGCCAGA	1085	911	760	0	468	0.038419319429198684
GTTGTCCTCTCTTCAA	1011	824	658	0	483	0.038834951456310676
CTGAGGCTCTGATTCT	960	783	752	0	417	0.02554278416347382
GGTTAACCACGACGAA	1280	1090	595	0	569	0.05412844036697248
AAAGTGACAGGCGTTC	989	827	566	0	440	0.03506650544135429
ATGGTTGAGTGGTCAG	817	675	555	0	383	0.12148148148148148
AAGAACAGTCAAAGAT	1188	1005	627	0	525	0.04975124378109453
ACGATCAGTACTCGTA	870	715	620	0	396	0.019580419580419582
TGTTACTCAACGGCTC	774	660	500	0	362	0.1
GGAGAACCAAGCCCAC	1146	972	635	0	477	0.02880658436213992
TCAAGCAAGCTGACCC	1067	923	394	0	457	0.06608884073672806
ACTGATGGTCGACGCT	970	778	771	0	412	0.02570694087403599
CCTTTGGGTCTGATCA	1008	874	522	0	480	0.016018306636155607
GTGGGAATCACTCGAA	1112	960	569	0	500	0.057291666666666664
AGTAACCGTAGAGATT	1009	845	491	0	477	0.01301775147928994
GGTTAACGTGAGCCAA	1032	865	563	0	474	0.11791907514450867
ATCTTCACATTAAAGG	751	604	652	0	373	0.05132450331125828
GCAACATCAACCGCCA	1227	1019	744	0	536	0.047105004906771344
CTACTATGTTGAATCC	765	630	478	0	350	0.014285714285714285
ATTTACCAGCTTGTGT	862	707	617	0	384	0.0297029702970297
GTGTGGCAGAAACACT	947	792	500	0	427	0.06944444444444445
CACTGAATCTGGTGGC	940	745	784	0	410	0.03355704697986577
AAGACAATCTGGGCAC	1075	887	696	0	495	0.04284103720405862
GATCGTATCCCTTGGT	976	814	505	0	443	0.06756756756756757
TCATACTAGTGGTGAC	1053	880	669	0	462	0.026136363636363635
AGTAGTCCAATTGAAG	1030	893	516	0	486	0.0167973124300112
TCGCAGGTCAAACGAA	931	822	361	0	396	0.051094890510948905
TAGACTGAGATAACGT	1130	952	611	0	539	0.08298319327731092
AGGCATTCAGCAGAAC	1013	878	480	0	439	0.02164009111617312
GCAACCGAGAGTGTGC	1031	874	511	0	484	0.03775743707093822
GGTTAACGTCCTGGTG	958	782	655	0	456	0.05115089514066496
GGCACGTGTCCAGCAC	1022	862	660	0	428	0.04176334106728538
ATTCCCGGTTGCTCAA	910	744	731	0	424	0.03763440860215054
CACTGGGAGTGCGCTC	923	804	386	0	417	0.01616915422885572
GGTGATTAGAGAGTGA	955	823	536	0	448	0.024301336573511544
GGAGGATAGTCCCTAA	971	826	446	0	429	0.012106537530266344
TTACAGGAGGCTCTCG	983	829	573	0	473	0.05910735826296743
TGCTCGTCACATCCCT	1040	855	726	0	468	0.06198830409356725
AATCGACCATCTTTCA	973	811	706	0	458	0.02342786683107275
CAATACGGTCAGTCCG	1197	1020	613	0	511	0.050980392156862744
CCGGTGACAACACGAG	223	196	39	0	169	0.015306122448979591
CTTACCGTCTTGCAAG	1064	881	651	0	492	0.07150964812712826
GTTACCCGTGCCCGTA	1018	827	731	0	459	0.037484885126964934
ATGCCTCTCGTACACA	964	820	624	0	413	0.015853658536585366
GACAGCCTCATCACAG	967	810	568	0	435	0.03333333333333333
TCACACCTCGCCTAGG	1113	933	678	0	485	0.012861736334405145
AACCCAAAGCAAGTGC	1321	1156	487	0	617	0.012110726643598616
GTCCTCAAGTAGAGTT	832	682	587	0	380	0.010263929618768328
AAGCCATGTCGTTGGC	965	794	625	0	413	0.04785894206549118
GGAGGATGTAACCAGG	986	853	422	0	456	0.06213364595545135
TACAGGTAGGCCATAG	1086	901	678	0	502	0.018867924528301886
GTCAAGTTCCATGCAA	944	786	639	0	415	0.043256997455470736
ATCACTTGTCTTGAAC	1058	904	546	0	481	0.015486725663716814
CCGGGTATCCGTTGGG	1056	895	598	0	473	0.08491620111731843
GATCGTATCGGACAAG	883	766	422	0	406	0.010443864229765013
AAACCCAAGCGAGTAC	850	724	378	0	381	0.022099447513812154
CCTCTCCCAGCTTTCC	1058	808	1178	0	464	0.01608910891089109
ACAAAGAAGTAGTCTC	917	771	511	0	448	0.058365758754863814
GGTGAAGGTCAAGCGA	999	840	571	0	425	0.036904761904761905
ATCCTATAGGCATCGA	745	610	474	0	352	0.05737704918032787
CTTGAGACAGCATTGT	1128	945	640	0	528	0.008465608465608466
GGGTATTAGAGGTCGT	780	674	333	0	401	0.040059347181008904
GAATCGTTCGCACGGT	1813	1499	1537	0	787	0.022014676450967312
TTAGGCACAAGGGTCA	1093	907	749	0	484	0.014332965821389196
ACGGAAGCACACGGAA	1075	908	633	0	475	0.02973568281938326
GGATGTTCAAGGAGTC	800	699	205	0	406	0.0815450643776824
CAGCGTGCAACTAGAA	991	825	561	0	422	0.007272727272727273
ACAAGCTAGGTCACCC	86	77	15	0	69	0.1038961038961039
TCTATACGTGAGTGAC	921	791	442	0	448	0.0897597977243995
CAATCGACACTCCGGA	875	717	522	0	361	0.02092050209205021
TACCTGCCAGGTGGAT	950	799	585	0	432	0.08760951188986232
TCTCCGACATTCACCC	927	721	900	0	380	0.026352288488210817
AGAGAATGTCACTGAT	884	735	570	0	398	0.044897959183673466
GTACAGTTCGAGAGCA	1134	952	688	0	507	0.01995798319327731
TTCTTCCTCGCGTCGA	586	512	239	0	315	0.046875
TACAGGTGTACTGTTG	879	721	625	0	388	0.022191400832177532
ATGACCACAGCAGACA	1030	825	712	0	424	0.01696969696969697
CTCTCGATCGATTGGT	770	655	435	0	379	0.03206106870229008
GTCGCGAAGCACGATG	803	697	301	0	387	0.00860832137733142
TCCATGCTCTTGATTC	1111	951	592	0	485	0.022082018927444796
GGGCGTTAGGGTTTCT	864	714	584	0	386	0.023809523809523808
TCAAGTGGTCTAGGTT	782	677	359	0	361	0.022156573116691284
TTCTGTAGTTAACAGA	966	799	597	0	465	0.05381727158948686
TGATTTCCAGGCACTC	957	778	721	0	399	0.014138817480719794
GTGAGGAAGCTTGTTG	832	709	474	0	378	0.014104372355430184
CGCCAGAAGATGTAGT	42	39	3	0	29	0.07692307692307693
TCAATCTAGTCACGCC	959	796	717	0	452	0.028894472361809045
TCAGTGACAGTAACAA	1083	923	574	0	472	0.04333694474539545
GTCAAACAGATCACTC	889	773	430	0	427	0.027166882276843468
ATGGAGGCACGTCGTG	657	581	202	0	320	0.0774526678141136
AGGTAGGTCTCTATGT	685	564	460	0	333	0.03368794326241135
CAGATTGAGGTTAAAC	982	847	489	0	474	0.0295159386068477
TGCAGATGTCTCAGGC	1110	887	842	0	488	0.03720405862457723
TAGGGTTCAGTAGATA	959	796	642	0	470	0.06532663316582915
TAGCACAGTTCGTGCG	822	679	552	0	386	0.035346097201767304
CCCGAAGAGACATCAA	1038	834	766	0	440	0.026378896882494004
CAGTTCCTCATCACCC	1151	920	984	0	483	0.014130434782608696
TTCATGTGTTCACCGG	837	701	599	0	372	0.008559201141226819
TCGAAGTGTTGGGTAG	975	833	501	0	481	0.07322929171668667
GTTACGAAGAGAGCGG	1768	1535	782	0	819	0.006514657980456026
TATTTCGCACAATTCG	70	61	18	0	55	0.01639344262295082
AAGACTCCAGGACTAG	961	799	594	0	422	0.03128911138923655
TGCAGATTCCGCACTT	1251	1040	719	0	554	0.05673076923076923
ACGCACGTCGTTCGCT	894	756	530	0	407	0.009259259259259259
TTGGTTTGTAGCGATG	906	775	448	0	427	0.09419354838709677
AGCGTATAGAGCTGCA	3237	2813	1399	0	1545	0.001066477070742979
GTCGTTCAGACTTGTC	547	454	362	0	266	0.011013215859030838
CTGCTCATCGATTCCC	889	736	610	0	396	0.025815217391304348
TCGGATATCACAAGGG	947	788	631	0	415	0.02030456852791878
CATTGTTCAATGAACA	4203	3592	1746	0	2043	0.027282850779510023
ATACCTTAGTGTTCCA	880	745	488	0	405	0.016107382550335572
ACTTTGTCAATAACCC	786	670	402	0	368	0.013432835820895522
ATTCCCGCAGAAACCG	1094	887	759	0	473	0.013528748590755355
TTCCTTCCAACCCTCT	1811	1561	971	0	779	0.032030749519538756
AATGGCTAGCAATTCC	986	782	780	0	430	0.023017902813299233
CACTGAAAGACGAAGA	445	387	209	0	216	0.21963824289405684
TATACCTTCATGCAGT	864	728	520	0	388	0.019230769230769232
TGATGCAGTGCAGATG	1129	917	847	0	482	0.04907306434023991
ATGGGAGAGCTATCTG	848	713	442	0	400	0.03225806451612903
CTCCACATCTTCGGTC	1080	885	863	0	484	0.01694915254237288
CTTCTCTAGTATGTAG	823	687	467	0	422	0.11062590975254731
GATCATGCAGACCAGA	829	711	339	0	359	0.05063291139240506
CACTGAAGTGGCTACC	1006	807	700	0	410	0.021065675340768277
TCGCTCATCGGCTTCT	1031	880	559	0	466	0.015909090909090907
TGTGGCGAGACGACTG	1158	966	772	0	496	0.031055900621118012
GGAACCCGTCGGAAAC	942	766	706	0	388	0.04046997389033943
AGGTCTAAGACGGTTG	944	809	621	0	424	0.042027194066749075
AGCCAGCGTCCCTAAA	978	814	598	0	419	0.056511056511056514
CCTCTAGGTCAAAGTA	874	753	432	0	418	0.0199203187250996
AATGGAAGTCATGCAT	1187	976	856	0	548	0.05225409836065574
AACAGGGTCTCTGCCA	993	821	627	0	437	0.04628501827040195
CCCAACTAGTGCGTCC	983	877	387	0	442	0.04104903078677309
ATCCATTCAGGCTTGC	1109	900	915	0	464	0.07
TACCGAATCTCGCAGG	1001	803	825	0	439	0.037359900373599
AGCGTATTCGGTGTAT	829	680	608	0	353	0.04411764705882353
GGTCACGTCTGAGAAA	965	797	618	0	430	0.025094102885821833
GGGTTTATCGCGAAGA	847	739	354	0	406	0.02706359945872801
TGAACGTGTGCTGCAC	910	752	609	0	412	0.057180851063829786
TTCCGTGGTTTGATCG	792	667	492	0	374	0.046476761619190406
TACTTCACATACCAGT	1212	1023	742	0	539	0.059628543499511244
ATTCAGGAGGCTATCT	1713	1449	1166	0	835	0.06142167011732229
CGTTCTGCAAATAGCA	906	765	413	0	427	0.058823529411764705
CACAGATAGCCTCATA	975	833	499	0	455	0.0744297719087635
GTTGCTCCATGGCCAC	1082	955	497	0	503	0.04293193717277487
ATGCCTCAGGTTATAG	1001	850	559	0	484	0.03529411764705882
GTGGAAGTCATGGGAG	1179	1003	518	0	541	0.10568295114656032
ACTTAGGTCAGTGGGA	905	763	511	0	414	0.01310615989515072
CTTCCTTCAGTGCGCT	822	675	560	0	392	0.045925925925925926
AAGCCATTCGCTTGAA	1034	829	984	0	453	0.045838359469240045
GCTTCACTCCCTGTTG	962	772	850	0	425	0.034974093264248704
TAACGACCATCCGGCA	51	44	12	0	36	0.045454545454545456
ACGTTCCAGGTTGCCC	1017	818	1033	0	447	0.0488997555012225
TCTAACTGTCATCACA	187	51	8	0	48	0.0196078431372549
CATGAGTGTGCAGATG	875	744	435	0	385	0.0456989247311828
TGAGGGACACAATGAA	1321	1155	497	0	603	0.02857142857142857
GTCTACCCATGGCTGC	902	779	425	0	439	0.029525032092426188
ATGAGGGTCTGCGTCT	1008	866	492	0	460	0.04849884526558892
GCCAGGTCAGTTAAAG	1099	935	619	0	500	0.0427807486631016
ACAACCACACGTAGTT	1066	868	851	0	477	0.06451612903225806
TATCAGGCACAGTCCG	891	731	704	0	387	0.019151846785225718
GTCATCCTCGGTCGGT	1015	811	972	0	454	0.025893958076448828
ACCGTTCCAACACGTT	50	44	12	0	37	0.022727272727272728
TCTTAGTCATGGCCCA	1080	893	814	0	477	0.012318029115341545
AGTAGTCTCTATCGTT	798	689	379	0	391	0.03483309143686502
TTCAATCAGGAAAGAC	825	701	368	0	375	0.06562054208273894
CGCATAACAATCCTAG	1201	997	793	0	533	0.031093279839518557
TTCCTCTTCGCTACGG	1058	813	1149	0	464	0.03198031980319803
AGAGAATAGTTAACAG	841	725	361	0	406	0.05103448275862069
TGCTTCGAGAGTCTGG	972	812	621	0	444	0.023399014778325122
GGTAACTAGGACTTCT	947	772	664	0	418	0.04792746113989637
CAGCCAGTCGATACTG	1200	1004	692	0	519	0.06673306772908366
TCATACTCAAGAGGTC	970	811	410	0	460	0.018495684340320593
CAAGACTTCCCATGGG	1192	1015	527	0	537	0.012807881773399015
TACTTACAGGTCGTAG	850	709	570	0	375	0.0465444287729196
TGCTTGCCATGTCAGT	38	29	2	0	28	0.5517241379310345
TTTACTGAGATGCTTC	749	623	532	0	344	0.024077046548956663
CATCGGGTCAAACCCA	1069	914	519	0	475	0.08971553610503283
GAGGGTATCCGGTTCT	563	466	417	0	256	0.032188841201716736
TCCATGCTCAACCTCC	1187	993	834	0	502	0.010070493454179255
GGTAACTCAATCGAAA	1065	910	539	0	468	0.02197802197802198
ACGATCACAGAGTGTG	861	748	460	0	412	0.01871657754010695
TCGAACATCAAGCGTT	902	740	580	0	400	0.07027027027027027
GATGACTTCGGTTAGT	1077	903	621	0	502	0.10077519379844961
ATTATCCGTATCGGTT	800	636	689	0	360	0.029874213836477988
TGTACAGGTGGTCTTA	891	723	636	0	413	0.0636237897648686
GTGCTTCTCAACTACG	1060	844	834	0	452	0.10781990521327015
TGGCGTGAGCCTCGTG	570	507	156	0	299	0.07495069033530571
TCTTAGTTCGCGAAGA	861	747	420	0	432	0.14190093708165996
AGTAACCAGTGAGTGC	1008	851	557	0	402	0.022326674500587545
GAGCTGCAGGACAGCT	1016	841	615	0	451	0.005945303210463734
GTCTACCCACTGGATT	140	126	12	0	107	0.047619047619047616
CTTCCTTCATATACCG	795	654	650	0	377	0.04128440366972477
AGTGATCTCTAGGAAA	28	24	4	0	23	0.125
TCGGGCATCCGTGACG	1036	831	842	0	461	0.02045728038507822
TTTCACAGTGCCGTAC	46	40	4	0	29	0
CCTAACCGTGCTGCAC	100	82	17	0	75	0.08536585365853659
CGTTAGATCTATCCAT	108	92	20	0	80	0.07608695652173914
GATTCTTCAAGCGCAA	883	730	573	0	376	0.0136986301369863
CCTTCAGAGCAATTCC	713	581	469	0	339	0.012048192771084338
TATTTCGGTTCAATCG	29	23	5	0	23	0.08695652173913043
CTAGGTACATCACGGC	59	49	7	0	41	0
AAGACTCGTCCATCTC	40	34	3	0	31	0.17647058823529413
GACGCTGTCGTTCGCT	60	55	4	0	45	0.09090909090909091
AGGTTGTGTAGCTGCC	90	76	12	0	64	0.06578947368421052
TCGTAGATCGTTCTAT	688	573	495	0	337	0.019197207678883072
CCTCCTCAGTCCCAAT	2102	1736	1475	0	936	0.03859447004608295
ACCCAAATCCACTTTA	1130	961	520	0	523	0.053069719042663895
TGACTCCTCTGTGCAA	197	180	21	0	170	0.07777777777777778
GCCGTGAAGGTGCGAT	216	185	108	0	138	0.14054054054054055
TGCAGTAGTTGGAGGT	921	787	465	0	435	0.052096569250317665
TCATACTAGGATGGCT	937	792	540	0	443	0.04292929292929293
GTGGAGATCCTTCGAC	240	201	21	0	172	0.12437810945273632
AGCTACAGTCGTGGTC	821	665	615	0	373	0.03308270676691729
TAACCAGGTTCGTGCG	257	233	13	0	200	0.07296137339055794
TCAGCCTGTGGCTGAA	908	780	406	0	420	0.026923076923076925
ACAAGCTCACCTCTGT	89	75	9	0	69	0.09333333333333334
AAGATAGAGTGCGACA	1020	882	421	0	493	0.06575963718820861
TGAGCATCATCTATCT	894	756	499	0	429	0.08068783068783068
AGACAGGGTGGCTCTG	62	56	6	0	44	0.07142857142857142
CCTTCAGAGGACATCG	671	550	544	0	292	0.014545454545454545
AGTAGTCGTACCTGTA	914	746	485	0	385	0.04289544235924933
TTTGACTAGGTCACCC	1086	891	804	0	472	0.030303030303030304
CGAGGCTGTATTAAGG	964	816	602	0	445	0.01715686274509804
CATTCCGGTAGTGATA	831	657	755	0	371	0.0121765601217656
GGTCACGAGAATCGCG	956	793	624	0	419	0.03278688524590164
GAAGTAATCTTGGTGA	41	35	5	0	30	0.05714285714285714
TGATCTTCACTTTATC	819	652	715	0	386	0.03987730061349693
CTACATTGTCCATACA	962	811	592	0	453	0.014796547472256474
AGACCCGTCGTTATCT	535	445	82	0	366	0.08314606741573034
ATCTCTATCCTCTCGA	88	73	12	0	69	0.0273972602739726
TCATTTGGTACTTCCC	983	833	493	0	484	0.025210084033613446
GCCGTGATCAGGGATG	864	696	677	0	387	0.027298850574712645
AAAGTGAGTACCGTCG	905	761	549	0	433	0.07095926412614981
CGGCAGTCACCGTCTT	878	737	557	0	394	0.021709633649932156
TGTACAGGTGGTCTGC	54	43	16	0	38	0.046511627906976744
ATGAAAGGTCTGTTAG	798	699	317	0	397	0.055793991416309016
ACCATTTTCCCAGCGA	982	802	651	0	440	0.034912718204488775
TGGTACAAGCACTGGA	872	735	514	0	384	0.053061224489795916
TCGCAGGGTCGAAGCA	52	45	13	0	33	0
TCCGAAAAGTCAGCGA	70	62	9	0	53	0.06451612903225806
CGGGTGTCAACACTAC	1055	894	530	0	445	0.07158836689038031
AAGTTCGGTCTGTGAT	34	29	6	0	25	0.034482758620689655
GTCAAGTAGTAAACGT	101	88	22	0	82	0.03409090909090909
CCGATGGTCGATCCAA	50	48	3	0	36	0.041666666666666664
TTTCATGCATGGGTTT	97	86	7	0	79	0.05813953488372093
GACTGATGTACGAGCA	955	816	509	0	443	0.04656862745098039
TCGTCCACACCAATTG	900	754	568	0	427	0.015915119363395226
TAGGGTTAGCGCTGCT	945	786	486	0	396	0.030534351145038167
GTAATCGAGCGTTAGG	975	822	513	0	474	0.032846715328467155
CACGTTCTCTTCCTAA	301	259	31	0	226	0.07335907335907337
TCTTGCGCACTACCCT	964	792	761	0	399	0.03409090909090909
ACTTCGCGTGTCCACG	850	732	282	0	402	0.0273224043715847
GAATCACAGACTGAGC	980	839	509	0	433	0.03098927294398093
TTCCTTCTCGCCGATG	823	626	824	0	361	0.027156549520766772
TGACGCGCAGAACATA	1156	959	892	0	487	0.013555787278415016
ATCCTATCAACAGCTT	974	826	573	0	440	0.029055690072639227
ACCCAAAAGAGGGCGA	970	848	455	0	444	0.01768867924528302
AGTGATCTCCTAGCCT	1075	903	644	0	489	0.02547065337763012
TAACACGCAGGACGAT	977	841	511	0	430	0.054696789536266346
TTCCAATTCCACTGGG	884	706	748	0	402	0.036827195467422094
CGTGTCTCACCGGAAA	471	410	179	0	264	0.01707317073170732
TCGGGACAGAGCAGTC	782	667	407	0	378	0.017991004497751123
GTACAACGTGAATTGA	2077	1734	1292	0	920	0.015570934256055362
GTGTAACCATGGCACC	886	754	499	0	393	0.022546419098143235
GTCTAGATCTTGCAGA	748	633	433	0	357	0.04107424960505529
AGGGTTTAGGCCCAAA	916	775	486	0	438	0.03096774193548387
TTGATGGCAATTTCCT	873	719	660	0	374	0.043115438108484005
TAACGACAGGATGGCT	941	782	525	0	439	0.06265984654731457
AAGTCGTGTATTTCGG	367	303	172	0	204	0.0165016501650165
CTCCATGGTACGACTT	937	792	525	0	426	0.05176767676767677
AGAGAATGTATGACAA	1095	941	490	0	497	0.04569606801275239
TCGCTTGTCATCGCAA	907	776	486	0	445	0.011597938144329897
AATGGCTCAAACCACT	982	841	537	0	442	0.020214030915576695
TCACTATTCTTAGCAG	926	746	702	0	437	0.0388739946380697
GTTACGAAGGTTCCAT	811	670	589	0	372	0.013432835820895522
ATGGATCGTCTGTAAC	790	695	331	0	367	0.015827338129496403
TTCGCTGTCCGGACGT	800	683	411	0	385	0.06734992679355783
GGTCTGGAGTGATAAC	952	822	439	0	428	0.031630170316301706
TGAATCGCATAGATCC	1032	865	591	0	452	0.025433526011560695
GGTCACGAGGTGCCTC	862	718	566	0	381	0.019498607242339833
TGAGCATGTCAACGCC	1071	889	677	0	468	0.02699662542182227
TTCAGGATCGCGCCAA	934	799	539	0	424	0.03254067584480601
GGTAACTAGAGGGTGG	772	630	579	0	362	0.022222222222222223
AGGACGAGTCAAAGCG	1888	1626	901	0	833	0.01845018450184502
CTGCATCTCATTCACT	992	840	556	0	453	0.05952380952380952
TGCATGACACGGGTAA	1050	886	604	0	437	0.006772009029345372
ACATTTCTCGGTCTAA	988	820	596	0	458	0.025609756097560974
CTACTATGTGCCGAAA	1054	820	923	0	452	0.02926829268292683
CAATACGGTCCGTTTC	1253	1021	951	0	520	0.014691478942213516
CCTATCGTCAATGTCG	976	834	563	0	455	0.04196642685851319
GCACATAAGCCTCTGG	1107	955	562	0	487	0.031413612565445025
GGGTCACGTTGGCTAT	1152	947	693	0	513	0.029567053854276663
CGAAGTTCAGGCAATG	1059	878	631	0	463	0.018223234624145785
CTGTATTAGAGCCATG	921	733	868	0	388	0.020463847203274217
TCGTAGATCCAACACA	808	678	476	0	374	0.017699115044247787
ACTTTCACATGTCAGT	954	795	565	0	438	0.012578616352201259
ACCCTTGGTTGCCGAC	922	754	660	0	396	0.03183023872679045
TCACAAGTCACGTAGT	978	827	497	0	439	0.02902055622732769
ACCATTTAGTTGTAGA	882	774	413	0	398	0.029715762273901807
ATGGGAGTCTCGGGAC	1108	920	739	0	496	0.043478260869565216
CATCCCATCCACTTCG	1128	972	549	0	539	0.03497942386831276
GTGTTAGTCTCGAACA	1047	921	353	0	505	0.05971769815418024
GACTCAAAGAGTGACC	1006	860	520	0	457	0.027906976744186046
GCCATGGCATCCGGTG	1129	925	874	0	483	0.016216216216216217
GTTGCGGAGTATCTGC	697	575	481	0	305	0.03826086956521739
GTTGTCCGTAGAAACT	756	611	505	0	328	0.027823240589198037
CCTGCATGTTTGAAAG	1152	957	857	0	501	0.022988505747126436
ATCACAGCAAAGCTAA	1081	908	638	0	457	0.03854625550660793
TGTGCGGAGGGAGGCA	66	57	10	0	47	0.05263157894736842
AGGAATATCTTTCCGG	902	758	635	0	408	0.014511873350923483
ATTCCATCAGCTATAC	856	652	935	0	366	0.02607361963190184
ACCCTCACAACCGTGC	1010	849	595	0	433	0.02591283863368669
TATTGCTCAACTGCTA	31	29	1	0	25	0.06896551724137931
TTAGGGTGTGGAACAC	1220	1041	737	0	542	0.06340057636887608
TTAGGCACAGCGGTTC	1004	819	826	0	412	0.03663003663003663
TTTACGTCAGTTACCA	897	765	460	0	435	0.03529411764705882
ACGGTCGTCAGTGTGT	814	687	462	0	386	0.02911208151382824
AGGAAATGTATCGGTT	941	784	558	0	429	0.05357142857142857
AGGGAGTGTGTTCATG	967	843	392	0	458	0.022538552787663108
GTCATCCTCGAATGCT	1059	877	663	0	499	0.027366020524515394
TCAGGTAGTGCCCAGT	1038	890	587	0	491	0.048314606741573035
CGAGAAGGTACAGCGA	989	863	444	0	425	0.03707995365005794
TCTAACTGTAACGCGA	1006	851	591	0	452	0.01645123384253819
CAACCTCGTTCACCGG	1242	1022	928	0	549	0.014677103718199608
AGGCCACAGAGAGTGA	1174	1015	508	0	515	0.13694581280788176
TACAACGTCTGCTGAA	1056	887	712	0	491	0.02254791431792559
ATGGGTTGTACAGGTG	1193	1021	581	0	565	0.1733594515181195
GATTGGTTCAACTACG	961	800	596	0	435	0.05
AATCGACGTAGGAAAG	827	706	437	0	366	0.026912181303116147
AAGCATCGTAACAAGT	1016	877	535	0	463	0.08095781071835804
TCATTTGTCAGCAATC	882	724	641	0	404	0.027624309392265192
GCACATATCCTTCTTC	1349	1139	826	0	591	0.048287971905179985
ATCCACCAGGATCATA	927	718	714	0	378	0.019498607242339833
AACAACCTCTGCTAGA	974	814	568	0	431	0.02702702702702703
GTGGGAATCGAATCCA	1002	860	417	0	449	0.01627906976744186
CATTCATTCTCGAGTA	849	715	596	0	389	0.05174825174825175
AAGAACAAGCAAGTCG	65	59	2	0	42	0.11864406779661017
GTGCGTGGTATCCTCC	985	807	803	0	424	0.021065675340768277
GTCGAATCACGTCTCT	829	683	549	0	401	0.02342606149341142
TGAGGTTGTACGAAAT	850	704	511	0	389	0.03835227272727273
TATCTGTAGGACGCAT	823	689	526	0	385	0.023222060957910014
GAGAAATGTTCATCTT	1065	946	345	0	415	0.08350951374207188
ACCAACACAGACCTGC	1154	905	1106	0	466	0.039779005524861875
GACCCTTGTGAACGGT	793	673	444	0	363	0.02674591381872214
GAGGGTAAGCCTCTCT	1227	1043	621	0	572	0.04410354745925216
GACCCTTGTCGAGATG	806	647	651	0	349	0.04636785162287481
TTCCACGGTCGAATGG	1076	942	494	0	516	0.03397027600849257
TACCGAACACGCTTAA	83	71	25	0	62	0.028169014084507043
ACCGTTCCATTCACAG	845	698	617	0	416	0.04297994269340974
CCACAAACACGCGCAT	1039	856	630	0	458	0.038551401869158876
CACATGAGTATGACAA	1086	901	762	0	483	0.03662597114317425
ACGGGTCAGGCTCACC	1156	968	726	0	503	0.01962809917355372
TTCAGGAGTATCCCAA	980	787	767	0	432	0.02795425667090216
GACCCAGCACATCCCT	1161	924	1153	0	457	0.020562770562770564
GTCCCATAGGATTTCC	886	742	499	0	423	0.016172506738544475
ACAGCCGGTACTCAAC	1010	799	1027	0	429	0.01877346683354193
GTGATGTGTGTTTACG	810	671	583	0	356	0.028315946348733235
ATCGCCTCAATACAGA	1090	949	386	0	494	0.012644889357218124
GTTTACTGTTAAACCC	971	816	584	0	422	0.04534313725490196
AGCGCCACACAAGTGG	890	756	527	0	415	0.0291005291005291
AGCCAATGTGCTCCGA	926	795	478	0	408	0.010062893081761006
GGCTTTCAGAAACTCA	1179	926	1091	0	512	0.05183585313174946
ATTCCCGTCAGAGCGA	718	620	315	0	335	0.016129032258064516
AACGAAATCCCGTAAA	1128	955	630	0	519	0.02931937172774869
GTCGCGATCCAGTGCG	669	561	482	0	332	0.0285204991087344
GACGCTGAGTCGAGGT	111	101	8	0	41	0.039603960396039604
TATCAGGCAGAATCGG	809	676	475	0	368	0.034023668639053255
CACAACATCAGATTGC	1346	1103	735	0	613	0.02085222121486854
AGTGCCGCAAGTATCC	1140	960	615	0	472	0.017708333333333333
AAAGAACAGCAGGCAT	937	829	335	0	433	0.020506634499396863
TCCATGCCAATTGAGA	1038	859	757	0	447	0.01979045401629802
ATGAGTCTCCGACGGT	917	760	662	0	398	0.014473684210526316
GCTTGGGGTATGAGCG	868	742	387	0	419	0.02830188679245283
GGGCGTTCACGCTGCA	1104	931	576	0	479	0.018259935553168637
ATCTTCAGTGAATAAC	858	739	460	0	434	0.036535859269282815
ACTTTGTCAAGTACCT	883	746	511	0	410	0.03351206434316354
GTCAAGTGTATCGCGC	880	720	563	0	404	0.03194444444444444
AATTCCTGTACGTAGG	855	734	550	0	419	0.020435967302452316
TGAGCGCAGGAGAGGC	985	838	531	0	462	0.034606205250596656
GTGACGCCATGGTACT	1006	842	757	0	433	0.030878859857482184
GAGTTGTAGATTAGAC	820	698	499	0	375	0.012893982808022923
TATCCTACACCTGCGA	854	694	633	0	410	0.024495677233429394
AGTTAGCTCGTAGCTA	784	674	410	0	361	0.03857566765578635
AAGATAGGTCCCAAAT	980	852	391	0	469	0.011737089201877934
TCAGCAATCAAGTAAG	889	749	400	0	415	0.04806408544726302
TAGATCGAGGTTCATC	1002	848	538	0	463	0.025943396226415096
TAAGCGTGTAGCTTAC	388	325	239	0	215	0.021538461538461538
CCCGGAAAGTCGAGGT	1172	1018	534	0	533	0.05697445972495088
AGACACTCAGTGTGGA	1059	885	571	0	468	0.0192090395480226
TCATGAGTCTTTGATC	890	728	698	0	399	0.028846153846153848
CACTGAAAGCTTCATG	927	791	468	0	404	0.015170670037926675
GTACAACTCCCTCGAT	1319	1093	882	0	559	0.026532479414455627
GATCCCTCACGAAGAC	1021	860	539	0	449	0.0069767441860465115
AAGTTCGTCTCACGAA	1038	853	691	0	443	0.012895662368112544
ATTCACTAGAAGGATG	798	679	367	0	377	0.01914580265095729
GAGTTACTCTTCCAGC	1001	812	771	0	450	0.022167487684729065
CTCCATGAGATACAGT	998	856	513	0	454	0.03387850467289719
GTGATGTCAGCACACC	343	301	75	0	210	0.009966777408637873
AACCAACTCTGCTCTG	1222	1018	734	0	523	0.018664047151277015
AAAGTCCTCCCAGGAC	980	831	545	0	423	0.032490974729241874
GTGTTAGAGGGTTTCT	837	684	509	0	398	0.01023391812865497
TCAAGACTCTGTCCGT	947	805	523	0	439	0.016149068322981366
GTCCTCAAGCGAGGAG	942	791	598	0	424	0.03286978508217446
AATAGAGGTGTGGTCC	854	713	510	0	389	0.008415147265077139
AGAAGTATCGCATGAT	846	719	351	0	412	0.03616133518776078
ATGGTTGCAGTACTAC	1055	863	814	0	431	0.016222479721900347
GTCCTCAGTATGGAAT	761	654	386	0	360	0.053516819571865444
TGCTCGTAGGTAGGCT	966	807	593	0	461	0.040892193308550186
CGCATGGCAAAGACGC	986	842	393	0	452	0.04275534441805225
CATTGAGAGCTCCGAC	910	791	379	0	430	0.035398230088495575
GATGGAGAGCGACATG	919	802	354	0	429	0.028678304239401497
TACCCGTAGCGACTAG	890	737	651	0	419	0.021709633649932156
GAGACCCAGCCTATTG	1094	928	542	0	460	0.021551724137931036
ATGGGAGAGGTGTGAC	912	793	373	0	424	0.03783102143757881
GAATAGAGTCAGATTC	1008	845	527	0	459	0.01775147928994083
CTGTCGTGTCGTTTCC	512	432	306	0	273	0.018518518518518517
TGTTCTAGTGCTTCAA	808	633	689	0	360	0.014218009478672985
GGAATCTTCGTGGGAA	890	743	496	0	388	0.03230148048452221
GCGATCGGTTGACTGT	607	532	258	0	297	0.043233082706766915
AGGATCTCATCTCCCA	1100	943	504	0	524	0.016967126193001062
TCAGTGAGTCCGACGT	980	802	591	0	408	0.03740648379052369
CCTTTGGCAACAACAA	1104	898	730	0	506	0.011135857461024499
GTCCCATTCGCATTAG	3715	3327	1001	0	1897	0.0021039975954313195
TTGCATTGTGTCGCTG	985	837	573	0	466	0.043010752688172046
AGTGATCAGTGAGCCA	917	776	515	0	426	0.037371134020618556
CCCTTAGTCTCATGGA	1130	950	682	0	519	0.017894736842105262
CATGCTCGTACAGTCT	907	771	594	0	410	0.011673151750972763
CATCCCACATTCTCTA	1124	927	712	0	503	0.021574973031283712
TCATGCCGTTCTGAGT	1250	994	946	0	502	0.03319919517102616
TGTTACTCATCTCATT	914	758	695	0	447	0.0395778364116095
TGGGCTGAGAGGCTGT	960	815	420	0	428	0.020858895705521473
TGAACGTCAAGTATCC	78	70	9	0	59	0.17142857142857143
ATGGGAGGTTCCCACT	1180	964	861	0	486	0.03319502074688797
AACCTGACAATACAGA	927	760	702	0	418	0.02368421052631579
CACTGTCAGTGCTCGC	1080	910	695	0	479	0.046153846153846156
GCAGCCAAGGTCCGAA	112	35	13	0	33	0
ATAGAGACACAATGCT	987	808	654	0	456	0.03094059405940594
CTTCCGACAGCGCGTT	973	815	558	0	443	0.04049079754601227
CTGAGGCGTTAGGACG	835	712	450	0	377	0.05337078651685393
TTTCACATCAACCGAT	887	724	704	0	421	0.020718232044198894
CGATCGGAGTCCGCGT	543	475	277	0	276	0.037894736842105266
CCGTGAGTCGAGCCTG	913	779	478	0	432	0.04621309370988447
AAGGTAAGTTCACGAT	858	705	590	0	395	0.02695035460992908
GTACAACTCCATATGG	1031	868	682	0	463	0.0576036866359447
GCTCAAACAGAATTCC	993	821	634	0	425	0.008526187576126675
TGTGAGTAGGTAAGGA	943	808	481	0	452	0.0297029702970297
TCCACGTCACGCGTGT	862	723	537	0	368	0.035961272475795295
CTGCCTAGTCCAGCGT	934	779	682	0	422	0.014120667522464698
AGGATCTTCGGTGTTA	771	652	455	0	369	0.023006134969325152
GGTGGCTAGTCGAGGT	143	133	10	0	56	0.06766917293233082
TCAGTCCGTATGGTTC	1076	882	845	0	449	0.022675736961451247
CACTAAGAGAGAGCAA	941	827	460	0	431	0.016928657799274487
CTTTCAAAGGCTATCT	820	667	651	0	383	0.020989505247376312
CGAGTGCAGTCGAGGT	151	144	8	0	68	0.06944444444444445
TATGTTCAGCGCGTTC	843	702	542	0	394	0.05270655270655271
GACATCATCAGCAATC	1099	926	716	0	481	0.02591792656587473
TGCATGACACAGAGCA	824	699	561	0	366	0.030042918454935622
GCCAACGTCTGCTTTA	833	659	608	0	379	0.010622154779969651
GGGTCTGCAAGCTACT	892	733	585	0	377	0.03547066848567531
ACGTAACGTTGTATGC	953	819	600	0	430	0.028083028083028084
TCCGGGAAGTCGCTAT	880	732	578	0	416	0.031420765027322405
CTGCCATGTACAGAAT	1081	935	502	0	495	0.009625668449197862
ACGATGTAGGGCATGT	1011	864	440	0	462	0.04050925925925926
TCACACCTCCTCAGAA	1046	886	624	0	447	0.014672686230248307
TAAGTCGAGGACCCAA	959	793	638	0	427	0.06557377049180328
TGACTCCGTGCAACAG	1132	952	737	0	481	0.029411764705882353
GATTCGACATACAGAA	1079	901	697	0	497	0.01997780244173141
ATCTTCAGTAGCTGAG	1050	903	443	0	495	0.016611295681063124
CCCATTGGTCCGTTTC	843	719	419	0	407	0.03616133518776078
GTAATCGTCCCTCGAT	987	827	630	0	444	0.007255139056831923
AACCCAACAGGCGAAT	979	815	630	0	436	0.014723926380368098
TGGATGTAGCGATTCT	856	719	626	0	368	0.015299026425591099
TCTTCCTGTTGCTTGA	701	560	739	0	344	0.026785714285714284
CCTGCATTCTGACAGT	1083	881	856	0	464	0.03178206583427923
AGAAATGCAGGACTAG	55	46	22	0	42	0
GGTTGTAGTGTTCCTC	938	768	768	0	426	0.03125
TCTTAGTGTAAGGCCA	783	657	529	0	341	0.0228310502283105
TGGTGATTCATTATCC	818	670	535	0	363	0.014925373134328358
CGTTAGATCGTCGCTT	397	338	207	0	226	0.020710059171597635
TCAATTCTCGTCGGGT	697	612	254	0	331	0.029411764705882353
TCATCCGAGTGTAGTA	932	775	553	0	414	0.04
TCCATGCTCCAAGCCG	848	714	506	0	401	0.029411764705882353
CCGTGAGTCAAGAATG	719	593	498	0	341	0.011804384485666104
CTCCGATAGAGGCGTT	864	746	378	0	422	0.04691689008042895
AACAACCGTAGCCCTG	1088	931	538	0	489	0.011815252416756176
CTCTCAGCAAATCAAG	945	816	378	0	449	0.029411764705882353
TTCGCTGTCTACACAG	909	769	529	0	410	0.010403120936280884
GTGCTTCCAACGTAAA	918	767	617	0	411	0.04041720990873533
AGTTCGAAGGAAGAAC	1100	973	303	0	534	0.07194244604316546
AGGTCATGTTGCATTG	725	639	266	0	365	0.018779342723004695
CGGGACTCAACAGATA	45	38	12	0	32	0.13157894736842105
ACTCCCACATGGGATG	1091	909	646	0	479	0.013201320132013201
TGAGCATGTTTACACG	989	836	658	0	420	0.02631578947368421
CCGTAGGAGACGGTCA	862	746	369	0	407	0.00938337801608579
GTGTTAGAGTGGTTAA	796	672	507	0	358	0.008928571428571428
GATTTCTAGGTTCTAC	854	681	740	0	394	0.027900146842878122
TAGACTGTCTCAAAGC	977	846	430	0	458	0.016548463356973995
CACATGACATCCTCAC	1011	823	833	0	450	0.014580801944106925
GTAGTACAGATTCGAA	918	797	376	0	438	0.025094102885821833
CTCCTCCGTCGACGCT	866	741	482	0	380	0.04183535762483131
CGGGTCACACAAAGCG	1094	900	669	0	469	0.016666666666666666
GAACGTTGTTCAAGTC	100	87	14	0	68	0.034482758620689655
GAGAGGTAGAAATTGC	962	817	527	0	444	0.02447980416156671
CATTTCATCAGGAACG	895	761	457	0	425	0.06044678055190539
CACTTCGAGTAGGCCA	926	783	519	0	400	0.020434227330779056
TTCCGGTGTGGCATCC	866	705	639	0	353	0.03404255319148936
GTAGCTACAGTATGAA	466	364	477	0	189	0.06043956043956044
AGAACCTGTGCGTGCT	1124	958	634	0	492	0.022964509394572025
ACATTTCAGCGTGTTT	787	670	384	0	366	0.05373134328358209
GTGGAAGGTTGGCCGT	956	780	724	0	413	0.06153846153846154
GGGTGAATCCGCAGTG	1007	827	565	0	449	0.04353083434099154
AACAAAGGTCGTGATT	975	857	374	0	467	0.008168028004667444
CCTCTAGAGAAACTGT	748	637	391	0	357	0.009419152276295133
TAACCAGCAGGCACTC	1152	951	781	0	517	0.014721345951629864
AGACACTGTCACCGCA	1064	904	525	0	468	0.023230088495575223
CGGCAGTTCCTACACC	1205	989	942	0	517	0.014155712841253791
AAACGCTAGCCATTCA	937	785	603	0	413	0.017834394904458598
AACCAACAGGACAACC	1102	889	890	0	466	0.014623172103487065
GGAGGATCACCGTGGT	984	824	606	0	440	0.023058252427184466
TTGTGGAAGCTAAACA	928	777	542	0	427	0.014157014157014158
CTAGACACAAGACGGT	156	133	41	0	130	0.022556390977443608
GTAGATCAGTGTTGAA	942	798	517	0	438	0.017543859649122806
CAGCGTGCAATTGTGC	33	31	1	0	28	0.0967741935483871
CGTTAGAGTCTTTCTA	753	644	438	0	357	0.049689440993788817
GGTGTCGAGCCTGAAG	110	100	15	0	85	0.02
TGTAACGAGGCTTTCA	837	669	642	0	371	0.016442451420029897
TGAATCGTCAGTCACA	905	781	369	0	412	0.040973111395646605
GCCCAGAGTCGCACAC	1357	1166	609	0	583	0.014579759862778732
CAACCAATCTCATTTG	1125	950	692	0	492	0.02736842105263158
TCTGGCTCAAACACGG	88	79	14	0	65	0.06329113924050633
AGTAGCTGTGTTGACT	1010	862	611	0	460	0.037122969837587005
ATCTCTAGTGCAGGAT	110	100	8	0	81	0.07
TCCTTCTAGAAACACT	4747	3958	2445	0	2330	0.0027791814047498737
CAAGACTTCACTGGGC	952	750	875	0	397	0.012
GCTACAATCTGCGATA	1018	854	599	0	460	0.01756440281030445
CGGGTGTAGTCGAGGT	121	107	14	0	57	0.12149532710280374
GAGGCCTTCCTCTGCA	876	684	882	0	356	0.024853801169590642
TCCGATCCAAGACGGT	38	28	8	0	30	0.07142857142857142
AGGTAGGTCTCAATCT	1011	863	474	0	477	0.023174971031286212
AGACAGGGTCGCATGC	36	26	8	0	25	0.11538461538461539
GACTTCCCAACAAGTA	1007	838	551	0	435	0.07279236276849642
GACCAATCACTAAACC	44	38	8	0	24	0.10526315789473684
TCATGGATCCCAGGAC	893	773	476	0	408	0.0258732212160414
AGTACTGCACGCTGTG	952	771	794	0	419	0.016861219195849545
AACGGGATCCGAGCTG	85	69	5	0	66	0.21739130434782608
TAGGTTGAGTGTACAA	1101	956	520	0	518	0.01778242677824268
GCTACAAGTAACACCT	1162	953	897	0	513	0.008394543546694649
TGACAGTGTGGTCTTA	111	94	31	0	73	0.06382978723404255
AGATCCAAGTGAGTGC	940	762	712	0	415	0.02099737532808399
CGTAGTAAGGGCAGTT	867	741	473	0	399	0.021592442645074223
ATACTTCGTTCGTACA	884	726	638	0	397	0.015151515151515152
GTTTGGACATCAACCA	960	815	568	0	464	0.01717791411042945
GCCATTCAGTCTTCCC	1046	860	663	0	442	0.019767441860465116
TTCTAGTAGCATGGGT	768	634	507	0	342	0.00946372239747634
TCCAGAACACAATGAA	1097	934	540	0	457	0.020342612419700215
TGCCGAGAGCGCCCAT	1007	878	384	0	447	0.03758542141230068
GCACATAGTGGATCAG	988	836	655	0	441	0.03229665071770335
ACACAGTGTAGCACAG	955	815	451	0	415	0.013496932515337423
CAACAGTAGGCACTAG	1053	885	767	0	467	0.01807909604519774
ACGGTTATCCACCTCA	140	119	24	0	103	0
TGTTGGATCCACTGGG	1066	858	817	0	471	0.022144522144522144
ACCGTTCCATGTCTAG	1033	865	725	0	467	0.027745664739884393
AACAAAGAGTGCTACT	44	40	12	0	35	0.075
AACAGGGAGCCTGTGC	75	65	25	0	59	0.015384615384615385
CCTGCATCATAAGCAA	81	64	12	0	58	0.109375
TGGTACAAGGGATGTC	907	764	494	0	418	0.03795811518324607
AAATGGATCCCTAGGG	133	115	25	0	101	0.10434782608695652
TGATCTTAGCTCGCAC	237	203	32	0	181	0.03940886699507389
TGTACAGAGAGGTCAC	562	500	131	0	264	0.006
CCGTTCACACATACTG	51	47	15	0	40	0.10638297872340426
GGAGATGGTCTCAAGT	803	688	426	0	375	0.015988372093023256
ATCCTATCACACACTA	1007	851	588	0	464	0.0199764982373678
GTTCGCTGTGTCCATA	997	851	582	0	472	0.005875440658049354
GACATCAAGTGACACG	916	769	607	0	413	0.02990897269180754
GCAGTTAAGACATATG	1009	815	709	0	455	0.03190184049079755
CTTAGGATCTTGTTAC	728	630	386	0	359	0.011111111111111112
GTAGTACCAGAGGCAT	796	683	412	0	361	0.010248901903367497
TTCAATCAGAGGTATT	883	756	422	0	408	0.02513227513227513
AACGGGAGTACGACTT	179	160	46	0	127	0.025
ATTCTACTCCGTGGGT	68	60	14	0	54	0.05
GGAACCCGTCTTCTAT	1697	1430	969	0	782	0.01048951048951049
AGAACCTTCTCGTGAA	878	737	521	0	407	0.025780189959294438
TCTATCATCGGCTGTG	832	717	384	0	380	0.029288702928870293
TAGGTACTCGGATAAA	748	652	244	0	357	0.018404907975460124
TGAGCGCCAAAGAACT	871	726	594	0	412	0.048209366391184574
GGGAGTATCGTTGTGA	848	702	374	0	410	0.0698005698005698
ATCCCTGAGTTTGAGA	982	833	537	0	459	0.01680672268907563
CTAACCCGTGTCCAAT	834	709	470	0	367	0.014104372355430184
AAACGCTGTTGCATCA	1156	936	806	0	505	0.017094017094017096
CTGAGGCAGGTCCGAA	937	816	457	0	402	0.025735294117647058
TTTGTTGAGTATCCTG	652	558	340	0	314	0.008960573476702509
CAGTTCCGTCTCGACG	1225	978	919	0	526	0.02965235173824131
AAGAACAAGTAACAGT	934	749	628	0	389	0.030707610146862484
TGTTACTCAGATTAAG	898	779	365	0	417	0.01797175866495507
CCTCTCCCAGTCACGC	984	793	696	0	446	0.04287515762925599
CTATCCGGTGTCTTCC	880	702	709	0	385	0.021367521367521368
TGAGCATGTTCACCGG	1022	835	738	0	456	0.01437125748502994
GCCAGCAAGTGGCGAT	960	836	487	0	430	0.01076555023923445
TCAGTTTGTACTGAGG	842	722	424	0	390	0.012465373961218837
CGTAGTATCAACCTCC	868	711	559	0	384	0.012658227848101266
CAACCTCTCGCTTGAA	987	826	618	0	441	0.0387409200968523
ACAGCCGCAATTCGTG	43	36	8	0	33	0
AGATGAACATGAGGGT	750	648	336	0	358	0.10030864197530864
TCTTAGTGTTGGGTAG	316	256	303	0	149	0.05078125
CAGGCCAGTACCAATC	1062	855	831	0	451	0.0152046783625731
TGTCCTGGTATCAGCT	921	751	659	0	389	0.019973368841544607
CAGATACAGACATGCG	973	820	606	0	433	0.05365853658536585
TTCCTTCAGCGGACAT	1179	1000	623	0	539	0.014
CATGAGTGTACGTGTT	830	714	356	0	403	0.05182072829131653
CAGCCAGCAGCGTTTA	994	810	709	0	450	0.020987654320987655
AGGCATTTCCTGGCTT	960	834	415	0	430	0.025179856115107913
ACTCCCAGTGTTGAGG	837	687	472	0	382	0.01601164483260553
GCCCAGATCGTCGACG	654	553	393	0	331	0.0379746835443038
TCCTGCACATACTGAC	1206	947	1066	0	509	0.023231256599788808
GGGCTACCAGGCACTC	954	808	518	0	406	0.013613861386138614
GCCCGAATCCTAGCGG	1232	1060	588	0	550	0.016037735849056604
GATAGAAAGCTGGAGT	790	649	504	0	371	0.01848998459167951
TGCAGTAAGTGCACAG	1006	826	725	0	424	0.012106537530266344
TCTGCCAGTGTACATC	1002	830	701	0	423	0.012048192771084338
AAAGGGCTCGGACCAC	114	105	5	0	82	0.009523809523809525
AACTTCTTCATTCCTA	1060	856	922	0	458	0.029205607476635514
CAGGCCAAGTCACAGG	182	32	10	0	30	0.03125
AAGGTAAAGCGACTAG	63	57	5	0	51	0.03508771929824561
TTACAGGCACATAACC	958	811	560	0	439	0.027127003699136867
ATGGTTGGTAATGCTC	32	30	0	0	24	0.03333333333333333
AGTGATCAGATTAGCA	1006	846	545	0	448	0.015366430260047281
TGATGCATCGTCCTTG	883	725	716	0	401	0.023448275862068966
TTCTCTCCACCTCTGT	913	749	760	0	432	0.020026702269692925
TCAGCAAAGTATCTGC	49	46	5	0	34	0.043478260869565216
AACCATGAGGCACGAT	44	39	2	0	31	0.15384615384615385
TAACACGTCACCTCTG	45	41	7	0	27	0
GGTAATCAGTATCTGC	1455	1174	1025	0	645	0.029812606473594547
GTGAGCCCAAGAAACT	997	854	473	0	450	0.00702576112412178
TTGCCTGCACGACCTG	111	95	23	0	95	0.031578947368421054
TCCTTCTGTATGAAAC	64	61	1	0	53	0.03278688524590164
AGTCATGTCACTACTT	898	762	497	0	416	0.0026246719160104987
ACTTTCACAAACTAGA	847	693	586	0	380	0.021645021645021644
TGTGAGTAGGGCAGTT	1026	876	559	0	484	0.0136986301369863
TTTGATCCATGAGATA	748	624	449	0	352	0.019230769230769232
CTGCAGGCACAGCCTG	31	27	5	0	27	0
CCACACTGTCGGTGTC	975	810	634	0	449	0.018518518518518517
TCCCAGTGTCGGAAAC	985	864	462	0	429	0.010416666666666666
CTCAGTCAGAGGTCAC	1198	1009	736	0	525	0.02180376610505451
AGGAAATAGCGCTGAA	1194	1020	580	0	547	0.012745098039215686
TGGATGTAGCTTGTGT	865	721	556	0	401	0.011095700416088766
CTTCCTTGTCAAACGG	885	769	491	0	437	0.016905071521456438
CTAACTTTCAGGTAAA	791	651	535	0	372	0.010752688172043012
CCGGGTACAGCAGGAT	947	759	805	0	405	0.022397891963109356
GCTTCACTCTTCGGTC	853	670	744	0	393	0.01791044776119403
GAGAGGTGTCACTCGG	887	731	595	0	385	0.005471956224350205
TTCTTGACAGCCATTA	887	715	724	0	405	0.015384615384615385
TTTCAGTAGCGGTAGT	632	511	548	0	305	0.03131115459882583
AGTGTTGAGGACAAGA	770	653	396	0	341	0.007656967840735069
TGGGATTGTAGTCTTG	948	809	599	0	439	0.012360939431396786
TGCACGGAGGATATGT	866	727	605	0	354	0.012379642365887207
GGTTGTAAGTAGTCAA	935	783	499	0	424	0.017879948914431672
TGGGTTAGTGGGTTGA	762	646	499	0	364	0.03715170278637771
CATGCCTGTACGACAG	1078	902	609	0	477	0.024390243902439025
AGAAGCGAGTCGTCTA	898	777	426	0	488	0.009009009009009009
GATGACTGTTCGAACT	1064	873	770	0	440	0.010309278350515464
GGTGTCGCATGCCATA	1072	905	630	0	486	0.009944751381215469
AGGGTGAGTGTGTGTT	866	765	263	0	411	0.023529411764705882
TGTGGCGAGCAACTTC	1166	979	692	0	508	0.013278855975485188
GAGTGAGCAGACCCGT	979	829	556	0	448	0.015681544028950542
CAACAACCATCGTGGC	1010	839	592	0	435	0.03814064362336114
ATTTCACGTGGTCCGT	793	638	699	0	324	0.0109717868338558
GTCGCGAGTAGGAAAG	655	561	374	0	336	0.0285204991087344
GACAGCCGTGATGTAA	1110	936	693	0	510	0.014957264957264958
TTGGATGGTGCTGATT	117	112	4	0	89	0.03571428571428571
GAATCGTGTCATCGCG	1007	856	534	0	468	0.012850467289719626
GACTGATGTCGATGCC	172	152	33	0	123	0.08552631578947369
CTAAGTGAGGTCCCTG	1069	924	535	0	485	0.00974025974025974
CCTCAACGTGTTTGCA	93	83	6	0	78	0.024096385542168676
GCTGCAGGTCACTGAT	969	845	495	0	435	0.03076923076923077
TCTTCCTGTCCCACGA	133	41	18	0	35	0.0975609756097561
CCGATGGAGTGCGCTC	738	604	516	0	353	0.008278145695364239
CACAACAAGTTCTACG	138	129	14	0	99	0
AATCGACAGCAACTTC	50	48	2	0	40	0.0625
AAGTGAACACTAGTAC	1132	945	634	0	510	0.022222222222222223
GAGTGTTCAATGTCAC	1028	861	700	0	443	0.006968641114982578
GTCATCCCAATGTCAC	961	838	390	0	438	0.011933174224343675
TGTCCTGAGCTCACTA	789	693	109	0	570	0.06204906204906205
AGGAAATGTAGCGAGT	902	758	461	0	408	0.013192612137203167
TATATCCTCTTTCCGG	742	590	653	0	362	0.023728813559322035
TTACCATTCATCGCTC	116	104	5	0	77	0.0673076923076923
TTGACCCAGACTGGGT	1166	985	732	0	518	0.02030456852791878
TCCTCTTTCATTTGCT	782	621	679	0	359	0.04508856682769726
GTCGAATGTGCGAGTA	173	147	28	0	130	0.047619047619047616
TCGACCTAGCTGCCAC	1171	885	1411	0	467	0.0192090395480226
TCGGGCAAGGGCCAAT	536	451	263	0	222	0.11529933481152993
TCGTAGACATGACTCA	70	68	8	0	54	0.014705882352941176
TAAGCGTTCTGCATGA	66	61	1	0	50	0.03278688524590164
GGTCTGGCAGCAGATG	845	715	527	0	387	0.004195804195804196
TGTGGCGCATTATGCG	979	781	528	0	428	0.011523687580025609
ACTGCAACAGTCAGCC	970	801	726	0	424	0.00749063670411985
ATTTACCTCATGCAGT	961	794	612	0	446	0.018891687657430732
TGCTTCGCAGATCCTA	808	659	471	0	372	0.013657056145675266
TTAATCCAGTTTAGGA	823	710	354	0	397	0.04084507042253521
AGGGAGTCAACGGCTC	1095	943	441	0	485	0.015906680805938492
TGCTCCATCTTTCGAT	1285	1103	617	0	580	0.024478694469628286
TTGGGCGCAATCCTTT	54	37	14	0	37	0.05405405405405406
TCTTAGTGTCAGTCCG	794	668	530	0	374	0.011976047904191617
TGCTTCGTCCTCTAAT	36	29	3	0	27	0.034482758620689655
TTGGGATGTCACGACC	1013	811	805	0	435	0.018495684340320593
TGCTCCAGTCTGTGAT	938	760	658	0	405	0.034210526315789476
CCGATCTAGCGATTCT	32	29	1	0	27	0.034482758620689655
AACCTGATCTGGGAGA	776	655	388	0	348	0.010687022900763359
TCATGGAAGCTGGCTC	1100	942	568	0	507	0.021231422505307854
GACGTTATCAGAGTGG	1004	855	351	0	448	0.029239766081871343
GTGTGGCCATTGCTTT	863	725	534	0	385	0.016551724137931035
TGATTTCAGATCGCCC	244	220	33	0	208	0.031818181818181815
AACCATGTCGCTCATC	923	761	603	0	420	0.011826544021024968
CGTGAATAGACATAAC	785	657	431	0	399	0.0091324200913242
CACAACAGTCACTACA	1232	1025	773	0	556	0.016585365853658537
CATGAGTGTAAGGCTG	980	845	503	0	469	0.029585798816568046
GGGACAATCTGCATGA	1034	869	618	0	467	0.02186421173762946
TGGTTAGGTCCATAGT	828	686	642	0	381	0.02040816326530612
GGTGTCGGTGATACCT	867	725	518	0	382	0.015172413793103448
CTCATTACATAATCGC	120	100	17	0	77	0.08
AGGACGACAGGAGGTT	1066	900	530	0	460	0.0044444444444444444
ATTGTTCTCCATAAGC	955	804	588	0	434	0.014925373134328358
TGTTCATCAGGTTCCG	787	659	506	0	368	0.010622154779969651
AGTCATGGTTACGGAG	29	26	4	0	25	0.038461538461538464
GATCAGTAGACTTCGT	736	607	482	0	341	0.029654036243822075
AATGACCAGACCATGG	1170	986	772	0	510	0.015212981744421906
GATTTCTTCGTCGACG	842	709	618	0	369	0.02538787023977433
GTGCGTGTCAAGTAAG	835	715	481	0	400	0.019580419580419582
GACTCAACAGCGAACA	63	54	11	0	49	0.05555555555555555
GTTAGTGGTGAGAACC	959	797	692	0	420	0.018820577164366373
ACTGATGCATATCTGG	1050	881	613	0	471	0.022701475595913734
CTGTACCCAAGGATGC	1064	889	688	0	473	0.01124859392575928
GACCCTTGTTCGTACA	953	763	889	0	408	0.03145478374836173
CTTCCGACACGGTAGA	886	745	584	0	401	0.016107382550335572
ATTGTTCGTTCATCGA	120	102	29	0	91	0.09803921568627451
CGTTAGACAGACCCGT	1032	861	673	0	462	0.022067363530778164
TCCCACAAGTAGCAAT	1046	855	865	0	453	0.00935672514619883
TACAACGCAGAGTAAT	1026	880	495	0	472	0.02159090909090909
TAGATCGGTAAGGCTG	635	547	337	0	290	0.009140767824497258
TCTCAGCTCTGGTGCG	841	683	730	0	366	0.01171303074670571
TAGGAGGTCCGGACTG	875	746	519	0	398	0.03351206434316354
TGGGCGTGTCTTACAG	1014	873	424	0	447	0.010309278350515464
CGTTCTGAGCATATGA	816	667	547	0	381	0.01649175412293853
CTGATCCAGATTAGTG	749	664	326	0	355	0.016566265060240965
CTGGCAGGTTGAATCC	870	727	483	0	395	0.02063273727647868
ATCGGCGTCTATGTGG	128	117	9	0	97	0.05128205128205128
AAGACAAGTATCGTTG	967	853	290	0	439	0.01406799531066823
GTGAGCCAGACCTCAT	1045	900	547	0	470	0.025555555555555557
GGACGTCAGCCAGACA	32	25	11	0	24	0.04
GAGTCTAGTGTTTCTT	98	90	10	0	77	0.06666666666666667
CTGTATTTCAGACCCG	119	108	15	0	101	0.046296296296296294
CATTGAGCACAATGAA	139	128	15	0	118	0
TCACTCGTCACCGGGT	84	77	7	0	68	0.025974025974025976
GTCTTTAGTGACTCGC	126	117	4	0	94	0.05982905982905983
AAAGGTATCGACGCTG	998	857	436	0	416	0.004667444574095682
TCTTTGATCCGCATAA	762	655	402	0	377	0.0183206106870229
CATTCTAGTGGAGGTT	645	554	302	0	313	0.007220216606498195
ATCCTATAGTGCACTT	979	810	658	0	452	0.020987654320987655
GTGTTAGAGTGTACCT	39	35	8	0	28	0.11428571428571428
TTGCTGCAGGAATTAC	1151	952	834	0	514	0.014705882352941176
TTCATGTAGTGCGTCC	136	124	46	0	77	0.016129032258064516
TTGTGGAAGGCCTAGA	841	721	342	0	405	0.005547850208044383
CTGAGCGTCGGCCTTT	49	42	24	0	33	0.023809523809523808
TCCTTTCGTAGAATGT	792	624	687	0	361	0.003205128205128205
TTTAGTCGTCTACATG	739	627	405	0	351	0.009569377990430622
ATAGACCGTGTTTCTT	50	45	1	0	44	0.06666666666666667
GGTGATTAGTCTGGAG	1013	864	531	0	461	0.018518518518518517
GGGAAGTGTGTTAACC	66	61	2	0	59	0.14754098360655737
TGTAGACCATTGAAGA	917	781	411	0	446	0.011523687580025609
CATAGACCATTGACCA	41	36	7	0	28	0
TACTGCCGTTCGGTCG	82	75	4	0	61	0.06666666666666667
GTCAAGTGTTCCACAA	53	48	1	0	42	0.0625
GATCATGGTGTGGACA	42	37	28	0	24	0.02702702702702703
ACTATTCGTCGAAGCA	958	816	522	0	426	0.011029411764705883
ACGTACATCTTGTGCC	984	805	768	0	436	0.034782608695652174
TATATCCAGCTTAAGA	341	273	316	0	147	0.02564102564102564
ACAAGCTAGAGGATGA	58	48	4	0	41	0.08333333333333333
TCTGCCATCTCCGATC	39	33	5	0	30	0.12121212121212122
CCCGGAACATGTGGCC	928	758	762	0	396	0.021108179419525065
TTGTTTGAGGTGCCAA	47	45	7	0	40	0
AGGACTTTCTCGCTTG	118	100	24	0	96	0.07
TGGCGTGTCAAATGCC	47	46	2	0	33	0.021739130434782608
AAGCGTTGTAACATGA	939	823	359	0	440	0.00850546780072904
GTCCACTGTCCGAAGA	121	110	28	0	71	0.01818181818181818
ATGGAGGTCATTCTTG	986	848	601	0	451	0.03419811320754717
CTCAGTCAGTATTCCG	41	37	0	0	35	0.08108108108108109
GGGTCACGTATCGCAT	32	30	3	0	28	0.03333333333333333
ACTTTGTCACCTGCGA	72	68	2	0	62	0.08823529411764706
TCTGCCAAGCAAGGAA	64	57	8	0	49	0.017543859649122806
TGACAGTTCCAATGCA	49	45	9	0	39	0.022222222222222223
GTCGAATGTCTTCCGT	820	676	633	0	373	0.03254437869822485
GTCAAACTCATGTCAG	58	50	7	0	26	0
TTCAGGATCCGTTTCG	796	681	425	0	398	0.004405286343612335
ACCATTTCAGAGGGTT	1011	851	601	0	472	0.01645123384253819
ACCAACAGTCATTCCC	1165	898	1208	0	476	0.01893095768374165
GGGCTCAGTTGCGAAG	707	592	382	0	332	0.016891891891891893
GTGTTCCGTATCGAGG	42	40	3	0	35	0.15
CCGGTAGGTTGTCATG	82	58	6	0	35	0.05172413793103448
GTCCCATGTGGAAATT	104	83	4	0	72	0.03614457831325301
TTACCATAGTGAGTTA	80	70	19	0	35	0
TCTAACTAGCCTGTCG	1096	912	663	0	533	0.02631578947368421
TCGGGCAAGGGTGAAA	81	77	8	0	68	0.05194805194805195
CTCCTTTCACAATTCG	790	664	519	0	377	0.03162650602409638
ATGGGTTGTTCAATCG	804	686	397	0	347	0.007288629737609329
GGGACCTGTCGATGCC	75	59	16	0	58	0
AGAAGTAAGGATTTAG	777	653	497	0	368	0.015313935681470138
CTCTGGTAGGTATAGT	855	703	502	0	368	0.031294452347083924
TGTAGACGTCTGGTTA	850	726	482	0	371	0.02203856749311295
GACAGCCCAAATTGCC	1183	966	880	0	527	0.028985507246376812
GGAGGTATCACGAACT	869	704	606	0	377	0.02556818181818182
CCTCCTCCACACCAGC	987	797	821	0	444	0.010037641154328732
CGACAGCGTACTGCGC	1102	959	485	0	497	0.016684045881126174
AGAAATGGTTCAAACC	103	83	15	0	75	0.060240963855421686
CGGACACTCTTGAACG	984	799	842	0	410	0.01877346683354193
TGGTACAAGCACTCCG	136	114	29	0	105	0.07017543859649122
GGGATGAGTGAATGAT	32	28	1	0	25	0.03571428571428571
CCTCAGTGTGCTGCAC	911	764	687	0	385	0.01832460732984293
TTCAATCTCACCGGGT	849	674	760	0	380	0.019287833827893175
CCGGTAGGTGGCCACT	121	102	28	0	88	0.0196078431372549
CTGAGGCGTTCTTGCC	859	701	600	0	378	0.025677603423680456
CCTGTTGAGGGTTCAA	57	54	1	0	43	0.037037037037037035
CCCAACTCAGCCGTTG	88	72	17	0	73	0.041666666666666664
TGTAACGCAGTGTATC	46	43	3	0	35	0.046511627906976744
CTCCCAAGTAAGCTCT	882	770	357	0	436	0.014285714285714285
TAGATCGGTGCTGCAC	98	87	12	0	74	0.08045977011494253
TTCCGTGTCCGGTAAT	31	29	3	0	25	0.034482758620689655
AGCGTCGCAAAGGAGA	360	306	175	0	236	0.0196078431372549
TCAGTGACAACACGAG	149	144	3	0	128	0.08333333333333333
TCATACTGTAAGAACT	442	267	52	0	237	0.0299625468164794
CCTATCGTCTACTATC	103	62	29	0	57	0.06451612903225806
TTGCCTGAGCTCATAC	47	39	14	0	35	0.02564102564102564
TATTCCAGTACCGTGC	45	41	1	0	39	0.024390243902439025
CTGCCTATCCACAAGT	49	45	2	0	40	0
ACCAAACGTCCACACG	34	32	1	0	27	0
ATGGGTTCATGGGCAA	58	52	3	0	51	0.019230769230769232
ACTCTCGCAATCAAGA	46	39	2	0	33	0.07692307692307693
TTGGATGGTATCTTCT	75	27	3	0	27	0.037037037037037035
TCATATCGTATGTCCA	77	63	10	0	30	0
GGGAAGTGTGTACATC	106	95	7	0	75	0.010526315789473684
TCCTGCATCCCATGGG	46	43	1	0	38	0.06976744186046512
AGAGAGCAGGGTCATA	77	72	5	0	54	0
GAGACCCCACAGAGAC	1247	1039	723	0	528	0.02021174205967276
CACCGTTGTCTTCATT	74	68	2	0	58	0.014705882352941176
TGTCAGATCGTTAGAC	39	32	6	0	29	0.0625
ACAAGCTAGTCGAAGC	790	679	358	0	377	0.01914580265095729
TGCTCGTCACGTGAGA	54	47	13	0	41	0.02127659574468085
GTATTGGAGCGACTTT	45	36	7	0	30	0.05555555555555555
CCGGGTAAGACGCCCT	1137	935	747	0	495	0.022459893048128343
AAGGTAAGTCAGACGA	141	125	11	0	108	0.032
TCGAAGTTCGACGTCG	68	66	2	0	33	0.015151515151515152
ACATCCCAGACATATG	68	62	20	0	41	0
CTGCTCATCTGACCCT	30	29	0	0	26	0.034482758620689655
CCACTTGCACACCAGC	38	32	8	0	24	0.03125
TCAGGTATCAAGTAAG	41	33	8	0	26	0
CCCTGATCAAATAAGC	867	716	530	0	399	0.00558659217877095
GTCGAATAGATCACCT	34	28	5	0	29	0.03571428571428571
GTCGCGATCTTACGGA	638	560	311	0	311	0.007142857142857143
CTCCACATCGGCCAAC	1003	848	542	0	459	0.04363207547169811
AAGATAGCATACTGAC	174	140	101	0	73	0.02857142857142857
AGCCAGCCAACAAGTA	73	66	6	0	62	0.030303030303030304
TTCCGTGAGGCCTGCT	74	66	6	0	61	0.06060606060606061
GACACGCAGCTATCTG	989	820	732	0	424	0.01707317073170732
CCGGGTACATGGAAGC	72	66	9	0	62	0.07575757575757576
AAAGGATGTCAAGGCA	1020	856	588	0	443	0.011682242990654205
ATCCCTGGTTGCAAGG	131	117	15	0	101	0.03418803418803419
GGTTGTAAGAACTTCC	53	47	6	0	43	0
TTGTTCAGTACGTTCA	38	35	1	0	31	0.02857142857142857
CCAATTTGTTACGATC	1022	807	970	0	429	0.0322180916976456
CGAAGTTAGAATACAC	115	103	12	0	88	0.009708737864077669
GTGTGATAGCAATAGT	73	65	2	0	57	0.07692307692307693
AGGTCATCAACCCTAA	38	30	4	0	26	0
AACAAAGGTTGGTACT	910	759	520	0	429	0.00922266139657444
GCAGGCTAGGGAGTTC	130	41	11	0	35	0.024390243902439025
GTCTAGATCTAAGGAA	117	57	7	0	51	0.07017543859649122
ATCGCCTAGTATTAGG	32	28	3	0	25	0.03571428571428571
CAAAGAACATTGACCA	143	126	11	0	98	0.05555555555555555
GGAAGTGGTCTTTATC	403	257	55	0	246	0.0311284046692607
AACCAACCAGGCACTC	266	232	49	0	171	0.04310344827586207
GCCGTGATCACGGGCT	39	32	10	0	27	0.03125
AGACAGGCAATGCTCA	46	42	2	0	39	0.023809523809523808
TCCATGCCACCTCTAC	74	68	2	0	61	0
TCATACTAGTAGACAT	62	52	13	0	31	0
GACGTTACAAGTCCCG	50	48	0	0	35	0.0625
GTAAGTCAGCCGGAAT	48	46	4	0	39	0.10869565217391304
GAGGCAACATCCGAAT	32	31	0	0	27	0.16129032258064516
TCTAACTTCACCATGA	41	33	2	0	31	0.09090909090909091
TCGACGGAGGAATCGC	106	95	14	0	89	0.07368421052631578
ATCGTCCCATACCATG	37	35	2	0	28	0
TGCGACGGTTGCCGCA	32	27	4	0	25	0
TACCGGGGTGAATGTA	35	32	4	0	30	0.03125
GTGAGCCAGAGCCGAT	53	47	5	0	42	0.0425531914893617
CCACGTTGTCGGCACT	910	737	774	0	412	0.0203527815468114
TGCGACGAGTATGGCG	43	40	5	0	34	0
TTCTAGTAGGATGGCT	161	34	7	0	28	0
ATCGTAGCAACTGATC	44	40	9	0	36	0.1
TACCTGCCACACGTGC	87	79	12	0	73	0.02531645569620253
CGGGTCATCGAAATCC	51	43	8	0	40	0
TTCACCGAGTCGAGGT	74	68	12	0	33	0
CACGTTCCAGTATTCG	111	98	7	0	83	0.04081632653061224
CATGGATCAGTCGTTA	34	30	2	0	30	0.06666666666666667
TGTTACTAGAACTTCC	45	40	5	0	31	0.125
TATCGCCTCTTACCGC	106	87	87	0	41	0.11494252873563218
CCACGAGAGAAATGGG	31	30	0	0	25	0.03333333333333333
TCATCATGTAACACGG	31	27	0	0	24	0
AGACCCGCATACAGCT	63	56	13	0	36	0
CGTTAGAGTGTAGTGG	147	138	13	0	67	0
ATGCATGTCGGCAGTC	70	62	9	0	57	0.03225806451612903
GGTAATCGTCCGGATC	32	30	2	0	26	0.03333333333333333
GAAGTAAAGACGCATG	133	115	20	0	109	0.02608695652173913
TCACACCCAATGGCAG	45	44	1	0	38	0.045454545454545456
AGACTCATCTCTCGAC	29	28	2	0	26	0.03571428571428571
TTATTGCTCCGAGTGC	142	39	20	0	37	0
AATTCCTAGCATGAAT	44	42	7	0	34	0.047619047619047616
ATGTCCCTCAGTGGGA	51	50	0	0	32	0
ACGTAGTAGTTACGGG	60	52	9	0	51	0.057692307692307696
AGCGATTCATCCGGCA	67	60	16	0	34	0.03333333333333333
GGGCGTTAGGTGCATG	65	58	8	0	50	0.05172413793103448
CCACTTGCAAATGATG	33	27	7	0	24	0.1111111111111111
CCTAACCGTTAAGACA	107	97	7	0	78	0.030927835051546393
TGTGCGGGTGACAGGT	39	36	2	0	33	0.2222222222222222
ATGAGGGGTTGTGGAG	53	48	5	0	33	0
CCAAGCGTCCGATCGG	34	31	3	0	28	0.03225806451612903
GTCAAGTAGGAGTCTG	51	47	4	0	38	0.10638297872340426
GGAATCTAGACTTAAG	60	50	7	0	49	0.06
GCGGATCCAATGAAAC	86	80	11	0	44	0
AGCGATTCAACCAATC	89	79	3	0	65	0.05063291139240506
TCCCATGGTCGACGCT	30	28	3	0	24	0.07142857142857142
ACCTACCCAACGATTC	113	94	32	0	89	0.11702127659574468
TACTTACGTGTTTGCA	46	42	1	0	27	0
GTAGGAGCATTGACAC	37	30	2	0	25	0.03333333333333333
CCGAACGTCGATGCAT	42	40	1	0	26	0
CTTACCGCATTATGCG	48	45	3	0	40	0.06666666666666667
TTCATTGCATGACTTG	64	57	2	0	41	0
CCTTGTGCAAGACCTT	45	44	1	0	35	0.022727272727272728
GGGTTTATCTTGCGCT	91	80	16	0	74	0.0375
GATCACACATGGAAGC	46	44	6	0	28	0.045454545454545456
ACTATTCCACTTGAGT	26	24	6	0	24	0.08333333333333333
CTCCATGGTAGAGATT	40	35	8	0	35	0.02857142857142857
TGCAGTACAACCGACC	48	43	3	0	37	0
TGCAGGCTCCTACTGC	47	43	7	0	29	0
CAGGGCTAGCGTATGG	163	44	22	0	40	0.045454545454545456
TGATTTCCATTGACAC	36	32	5	0	27	0.03125
GTTTACTGTCGAGCTC	46	40	22	0	29	0
CTCAGGGAGATGGTCG	43	39	3	0	31	0.07692307692307693
ATCATTCTCTGTCGCT	62	54	3	0	47	0.09259259259259259
TTCATGTCACGGTAGA	90	78	23	0	50	0.02564102564102564
TGGGTTATCTACTTCA	96	84	24	0	55	0
AGTTCCCCATCGTGCG	42	40	0	0	34	0.075
CAACGGCCAGAGTTCT	35	31	3	0	27	0.06451612903225806
ATTCCTACAACGTTAC	76	62	20	0	49	0.06451612903225806
AAAGGATGTCCGGATC	78	68	5	0	58	0.04411764705882353
TCACTCGGTACGGATG	57	52	4	0	46	0.057692307692307696
ACGATGTGTGGCTTGC	151	44	27	0	38	0
TCAAGCAGTTGACTGT	70	66	0	0	49	0
TCGCAGGGTACCCGAC	48	39	9	0	24	0.02564102564102564
AGACCATTCTGGGCAC	46	39	9	0	34	0.02564102564102564
GGGACTCCACAGACGA	37	30	7	0	28	0.03333333333333333
ACCTGAAGTAATGTGA	45	38	13	0	32	0.02631578947368421
CTCACTGAGCCTAACT	37	32	14	0	24	0
ACTGCAACAGCTCGGT	72	67	9	0	56	0.029850746268656716
TCGCAGGAGCCTATTG	55	47	7	0	39	0.02127659574468085
TAGGGTTGTTCGGTTA	40	32	8	0	28	0.03125
CTGAATGAGCATGCAG	80	72	0	0	61	0.027777777777777776
TCCACGTTCTGGGCCA	36	31	4	0	28	0
CAAGACTGTGAATAAC	73	61	8	0	54	0
CTATCTAGTCTAGTGT	31	28	0	0	25	0.03571428571428571
TCGATTTCATAACAGA	56	49	8	0	40	0
AGGTCTATCCCTCGTA	31	28	3	0	28	0.03571428571428571
GTATTTCCATCCGTGG	54	50	6	0	27	0
CACACAAAGCCTTCTC	51	39	37	0	28	0
TCGTAGACATCGAGCC	57	51	5	0	46	0.0196078431372549
TCACACCAGCGCCCAT	45	40	7	0	34	0
TCCAGAATCTGCTAGA	36	30	7	0	26	0.03333333333333333
TCGACGGTCAGGAAGC	44	37	7	0	30	0.05405405405405406
TCACACCAGCAAACAT	58	53	1	0	41	0.018867924528301886
CTGGTCTCACGCAAAG	43	40	2	0	33	0
AGGTAGGCACTAGTAC	54	49	5	0	28	0
TCCCACAAGTCGAGGT	55	52	0	0	25	0.17307692307692307
GAGATGGAGTTGCATC	47	41	9	0	36	0
CCACTTGGTGTTACAC	54	52	2	0	41	0.09615384615384616
CAACAACTCCTCATAT	122	105	33	0	66	0
CCACCATAGAAACTGT	62	53	8	0	43	0.05660377358490566
TTCCTAAGTTGGCTAT	38	37	0	0	26	0
GCAACCGTCATCGCAA	36	30	2	0	28	0.03333333333333333
TGGAGAGAGCTATCCA	34	32	1	0	30	0
GTCACGGCAGCAGTAG	30	28	2	0	24	0
TACTTGTAGTCCCAAT	63	53	12	0	46	0.05660377358490566
CGCCATTGTGCCTTCT	43	35	5	0	24	0
GTATTGGTCCGAGATT	40	37	3	0	34	0.02702702702702703
GTACAGTTCCATGCAA	49	38	21	0	33	0.05263157894736842
TCACATTCAGGTTACT	39	35	7	0	25	0
GGGTTTATCCCTCTAG	65	58	9	0	27	0
AACCATGGTTCTCGCT	109	98	12	0	89	0.01020408163265306
GTGGTTACAGTTCCAA	36	32	1	0	29	0
CATCGTCCATAGGCGA	46	43	3	0	40	0.09302325581395349
GGCTTTCAGGCTTCCG	67	61	13	0	50	0.03278688524590164
GGGAGTACAGAGTGAC	54	52	0	0	45	0.019230769230769232
GCGATCGAGGTTTGAA	48	43	14	0	43	0.11627906976744186
AGATGCTAGCGTTAGG	34	29	12	0	26	0.034482758620689655
TCAAGACAGGATCATA	73	70	0	0	49	0.02857142857142857
TGATCAGAGAGCCGAT	50	40	15	0	33	0
ACGGGTCCAATCGAAA	46	43	2	0	36	0.06976744186046512
CATCCGTGTACTCGTA	74	67	7	0	64	0.014925373134328358
TTCTGTAGTATGCTTG	42	37	2	0	33	0.05405405405405406
TGATCTTAGCACGGAT	31	29	0	0	26	0.06896551724137931
ACGGTTACATGTAACC	39	34	2	0	28	0.058823529411764705
AAAGGATGTTCACCGG	44	36	8	0	33	0.05555555555555555
GCAACATCAGCGGTTC	31	30	0	0	26	0.1
GACAGCCTCTCACGAA	66	60	3	0	53	0.03333333333333333
TATCGCCGTTGCTCGG	41	35	5	0	31	0.08571428571428572
AGCCAATGTTGGCTAT	52	46	10	0	26	0.08695652173913043
AACCCAATCCATCTGC	39	36	9	0	27	0.08333333333333333
ATTCTACGTCCAGAAG	62	58	3	0	42	0.034482758620689655
TCTTTGACAGGTATGG	82	75	6	0	65	0.04
ATCCATTTCCACAAGT	50	46	4	0	36	0.021739130434782608
CCACAAAAGACCTTTG	36	34	6	0	27	0.029411764705882353
TCATACTCATGATGCT	48	41	6	0	28	0
AATGGAATCTGGCCAG	59	58	0	0	33	0
GTAGAGGGTCCGGTCA	77	66	1	0	51	0
AAGACAACATGTTCAG	42	39	11	0	25	0
CAGGGCTGTTTGAAAG	34	27	5	0	25	0.07407407407407407
GCGATCGTCAACTTTC	65	61	6	0	31	0
TACCCGTTCTTTACAC	35	32	4	0	28	0
GTAATGCTCCAACTAG	44	37	15	0	36	0.08108108108108109
CAACGGCGTCCTTGTC	36	33	2	0	25	0
TCAAGACCAGTTGGTT	67	55	6	0	47	0.03636363636363636
GTCATCCAGGCACCAA	44	40	2	0	26	0.025
GGCGTCATCATTCACT	33	32	0	0	31	0
CTCCTTTAGCAGGCTA	28	27	0	0	24	0
TGGGAGACATGTAACC	38	33	11	0	30	0.06060606060606061
GGAGGATAGCGACTGA	53	50	1	0	46	0
TACCCACCACATGAAA	31	29	1	0	24	0.1724137931034483
GTGAGTTCAAGTGCAG	33	28	5	0	24	0
TATTGCTGTTGTACGT	30	29	1	0	25	0.10344827586206896
AGTACTGGTCAACGTT	45	39	10	0	25	0
CATTGAGAGTCTAACC	48	42	3	0	40	0.047619047619047616
TGTTCCGTCTTCTGGC	47	26	19	0	25	0
CCGTAGGCAGTTGCGC	64	37	24	0	37	0.02702702702702703
